	15.0	16.0	17.0	18.0	19.0	20.0	21.0	22.0	23.0	24.0	25.0	26.0	27.0	28.0	29.0	30.0	31.0	32.0	33.0	34.0	35.0	36.0	37.0	38.0	39.0	40.0	41.0
CAB2918_R1	7.0	22.0	117.0	290.0	546.0	841.0	1430.0	2405.0	3874.0	5771.0	8560.0	11478.0	15281.0	18833.0	23300.0	27951.0	32780.0	38402.0	44632.0	52573.0	62514.0	76480.0	96942.0	136440.0	239577.0	859276.0	28750.0
	11.0	12.0	13.0	14.0	15.0	16.0	17.0	18.0	19.0	20.0	21.0	22.0	23.0	24.0	25.0	26.0	27.0	28.0	29.0	30.0	31.0	32.0	33.0	34.0	35.0	36.0	37.0	38.0	39.0	40.0
CAB2918_R2	19.0	955.0	2330.0	1973.0	1748.0	2080.0	3351.0	5027.0	6597.0	8408.0	10330.0	12431.0	14565.0	17285.0	20304.0	22986.0	26644.0	30274.0	34339.0	39207.0	45146.0	51924.0	60617.0	71547.0	86479.0	108704.0	147901.0	221511.0	379583.0	354807.0
	13.0	14.0	15.0	16.0	17.0	18.0	19.0	20.0	21.0	22.0	23.0	24.0	25.0	26.0	27.0	28.0	29.0	30.0	31.0	32.0	33.0	34.0	35.0	36.0	37.0	38.0	39.0	40.0	41.0
CAB2919_R1	1.0	2.0	6.0	26.0	158.0	309.0	494.0	805.0	1486.0	2337.0	3811.0	6061.0	8387.0	11750.0	15798.0	19870.0	24341.0	29227.0	34752.0	40984.0	47658.0	56312.0	67128.0	81416.0	104069.0	146100.0	256279.0	925387.0	31284.0
	11.0	12.0	13.0	14.0	15.0	16.0	17.0	18.0	19.0	20.0	21.0	22.0	23.0	24.0	25.0	26.0	27.0	28.0	29.0	30.0	31.0	32.0	33.0	34.0	35.0	36.0	37.0	38.0	39.0	40.0
CAB2919_R2	14.0	374.0	999.0	951.0	1125.0	1915.0	3569.0	5561.0	7440.0	9502.0	11288.0	13589.0	16258.0	19065.0	21969.0	25138.0	28953.0	33215.0	37664.0	42718.0	49341.0	56643.0	65658.0	78038.0	94030.0	119459.0	160933.0	240107.0	406973.0	363749.0
	15.0	16.0	17.0	18.0	19.0	20.0	21.0	22.0	23.0	24.0	25.0	26.0	27.0	28.0	29.0	30.0	31.0	32.0	33.0	34.0	35.0	36.0	37.0	38.0	39.0	40.0	41.0
CAB2920_R1	1.0	29.0	112.0	258.0	442.0	796.0	1302.0	2251.0	3566.0	5538.0	7721.0	10321.0	13004.0	16380.0	19620.0	23262.0	27001.0	31587.0	36289.0	42247.0	49992.0	60806.0	77067.0	108439.0	189339.0	749904.0	30242.0
	11.0	12.0	13.0	14.0	15.0	16.0	17.0	18.0	19.0	20.0	21.0	22.0	23.0	24.0	25.0	26.0	27.0	28.0	29.0	30.0	31.0	32.0	33.0	34.0	35.0	36.0	37.0	38.0	39.0	40.0
CAB2920_R2	7.0	402.0	1513.0	2213.0	2567.0	3013.0	4219.0	6022.0	7680.0	9651.0	11548.0	13388.0	15768.0	17883.0	20658.0	23115.0	26083.0	28991.0	32031.0	36156.0	40720.0	46171.0	53302.0	62851.0	75681.0	96806.0	133270.0	201423.0	313176.0	221208.0
	14.0	15.0	16.0	17.0	18.0	19.0	20.0	21.0	22.0	23.0	24.0	25.0	26.0	27.0	28.0	29.0	30.0	31.0	32.0	33.0	34.0	35.0	36.0	37.0	38.0	39.0	40.0	41.0
CAB2921_R1	1.0	5.0	17.0	93.0	232.0	443.0	927.0	1548.0	2678.0	4191.0	6302.0	8873.0	11859.0	15505.0	18959.0	22648.0	26953.0	31143.0	36430.0	42106.0	48839.0	57655.0	70203.0	89617.0	125272.0	220633.0	870632.0	33730.0
	11.0	12.0	13.0	14.0	15.0	16.0	17.0	18.0	19.0	20.0	21.0	22.0	23.0	24.0	25.0	26.0	27.0	28.0	29.0	30.0	31.0	32.0	33.0	34.0	35.0	36.0	37.0	38.0	39.0	40.0
CAB2921_R2	7.0	241.0	965.0	1547.0	2101.0	2757.0	4411.0	6562.0	8414.0	10859.0	12985.0	15383.0	17936.0	20586.0	23657.0	26487.0	29708.0	33590.0	37680.0	42120.0	47764.0	54173.0	62127.0	73334.0	89096.0	113551.0	155590.0	235050.0	364337.0	254476.0
	14.0	15.0	16.0	17.0	18.0	19.0	20.0	21.0	22.0	23.0	24.0	25.0	26.0	27.0	28.0	29.0	30.0	31.0	32.0	33.0	34.0	35.0	36.0	37.0	38.0	39.0	40.0	41.0
CAB2922_R1	1.0	1.0	26.0	94.0	265.0	444.0	745.0	1351.0	2300.0	3709.0	5630.0	8049.0	10981.0	14094.0	17836.0	21268.0	24940.0	29168.0	33869.0	39627.0	45349.0	54034.0	65718.0	83191.0	116756.0	204442.0	822546.0	33893.0
	11.0	12.0	13.0	14.0	15.0	16.0	17.0	18.0	19.0	20.0	21.0	22.0	23.0	24.0	25.0	26.0	27.0	28.0	29.0	30.0	31.0	32.0	33.0	34.0	35.0	36.0	37.0	38.0	39.0	40.0
CAB2922_R2	3.0	266.0	1182.0	2094.0	2558.0	3189.0	4911.0	7447.0	9622.0	11783.0	13917.0	16363.0	18859.0	21449.0	24086.0	26836.0	30099.0	33407.0	36837.0	41262.0	45767.0	52649.0	59798.0	70630.0	85177.0	109311.0	149469.0	223328.0	332427.0	205601.0
	15.0	16.0	17.0	18.0	19.0	20.0	21.0	22.0	23.0	24.0	25.0	26.0	27.0	28.0	29.0	30.0	31.0	32.0	33.0	34.0	35.0	36.0	37.0	38.0	39.0	40.0	41.0
CAB2923_R1	1.0	17.0	111.0	223.0	422.0	791.0	1302.0	2251.0	3644.0	5504.0	7672.0	10445.0	13521.0	16667.0	19937.0	23430.0	27644.0	31615.0	36777.0	42544.0	50568.0	61341.0	77822.0	109118.0	193208.0	772964.0	31018.0
	11.0	12.0	13.0	14.0	15.0	16.0	17.0	18.0	19.0	20.0	21.0	22.0	23.0	24.0	25.0	26.0	27.0	28.0	29.0	30.0	31.0	32.0	33.0	34.0	35.0	36.0	37.0	38.0	39.0	40.0
CAB2923_R2	4.0	125.0	583.0	1144.0	1604.0	2402.0	4192.0	6414.0	8649.0	10833.0	13002.0	15152.0	17458.0	20049.0	22493.0	25270.0	28224.0	31238.0	34889.0	38784.0	43273.0	49528.0	56428.0	66358.0	80803.0	103016.0	141819.0	211607.0	313084.0	192132.0
	15.0	16.0	17.0	18.0	19.0	20.0	21.0	22.0	23.0	24.0	25.0	26.0	27.0	28.0	29.0	30.0	31.0	32.0	33.0	34.0	35.0	36.0	37.0	38.0	39.0	40.0	41.0
CAB2924_R1	3.0	18.0	79.0	226.0	387.0	627.0	1219.0	2070.0	3337.0	4956.0	7137.0	9372.0	12531.0	15229.0	18748.0	21762.0	25630.0	29553.0	34397.0	40298.0	47678.0	57564.0	73731.0	102626.0	179029.0	733370.0	31174.0
	11.0	12.0	13.0	14.0	15.0	16.0	17.0	18.0	19.0	20.0	21.0	22.0	23.0	24.0	25.0	26.0	27.0	28.0	29.0	30.0	31.0	32.0	33.0	34.0	35.0	36.0	37.0	38.0	39.0	40.0
CAB2924_R2	3.0	144.0	636.0	1216.0	1514.0	2071.0	3550.0	5392.0	7148.0	9150.0	11178.0	13120.0	15292.0	17500.0	20204.0	22267.0	25324.0	28135.0	31353.0	35097.0	39463.0	44826.0	51640.0	60470.0	73701.0	93998.0	129517.0	197467.0	307834.0	203541.0
	14.0	15.0	16.0	17.0	18.0	19.0	20.0	21.0	22.0	23.0	24.0	25.0	26.0	27.0	28.0	29.0	30.0	31.0	32.0	33.0	34.0	35.0	36.0	37.0	38.0	39.0	40.0	41.0
CAB2925_R1	3.0	4.0	28.0	120.0	197.0	332.0	644.0	1227.0	2116.0	3343.0	5182.0	7073.0	9529.0	12317.0	15523.0	18478.0	21861.0	25609.0	29466.0	34414.0	40078.0	47250.0	57731.0	73259.0	103402.0	182238.0	740677.0	31309.0
	11.0	12.0	13.0	14.0	15.0	16.0	17.0	18.0	19.0	20.0	21.0	22.0	23.0	24.0	25.0	26.0	27.0	28.0	29.0	30.0	31.0	32.0	33.0	34.0	35.0	36.0	37.0	38.0	39.0	40.0
CAB2925_R2	1.0	54.0	323.0	735.0	1040.0	1848.0	3313.0	5232.0	7041.0	9088.0	11081.0	13043.0	15131.0	17448.0	19985.0	22270.0	25468.0	28082.0	31506.0	35608.0	40096.0	45490.0	52589.0	61860.0	75153.0	95867.0	131051.0	199375.0	310118.0	203514.0
	15.0	16.0	17.0	18.0	19.0	20.0	21.0	22.0	23.0	24.0	25.0	26.0	27.0	28.0	29.0	30.0	31.0	32.0	33.0	34.0	35.0	36.0	37.0	38.0	39.0	40.0	41.0
CAB2927_R1	4.0	41.0	121.0	246.0	477.0	801.0	1428.0	2471.0	4130.0	5963.0	8663.0	11693.0	14967.0	19121.0	23088.0	27662.0	32651.0	37997.0	43860.0	51355.0	61255.0	74678.0	96006.0	134973.0	236717.0	830769.0	25731.0
	11.0	12.0	13.0	14.0	15.0	16.0	17.0	18.0	19.0	20.0	21.0	22.0	23.0	24.0	25.0	26.0	27.0	28.0	29.0	30.0	31.0	32.0	33.0	34.0	35.0	36.0	37.0	38.0	39.0	40.0
CAB2927_R2	12.0	739.0	1841.0	1573.0	1551.0	1972.0	3324.0	4951.0	6443.0	8394.0	10427.0	12405.0	14756.0	17080.0	20241.0	23103.0	26429.0	30391.0	34160.0	38987.0	43961.0	51354.0	60003.0	71180.0	85136.0	108002.0	146164.0	218479.0	370640.0	333170.0
	15.0	16.0	17.0	18.0	19.0	20.0	21.0	22.0	23.0	24.0	25.0	26.0	27.0	28.0	29.0	30.0	31.0	32.0	33.0	34.0	35.0	36.0	37.0	38.0	39.0	40.0	41.0
CAB2931_R1	1.0	11.0	81.0	215.0	412.0	745.0	1253.0	2231.0	3582.0	5534.0	7713.0	10331.0	13225.0	16586.0	19901.0	23876.0	28000.0	32624.0	37919.0	44283.0	52243.0	63458.0	80965.0	113922.0	200479.0	802365.0	32379.0
	11.0	12.0	13.0	14.0	15.0	16.0	17.0	18.0	19.0	20.0	21.0	22.0	23.0	24.0	25.0	26.0	27.0	28.0	29.0	30.0	31.0	32.0	33.0	34.0	35.0	36.0	37.0	38.0	39.0	40.0
CAB2931_R2	1.0	75.0	381.0	743.0	1242.0	2234.0	4212.0	6575.0	8486.0	10704.0	12953.0	15251.0	17729.0	20096.0	22648.0	25538.0	28328.0	31842.0	35320.0	39708.0	44699.0	50320.0	57841.0	68189.0	83225.0	106197.0	146254.0	218724.0	328131.0	206688.0
	15.0	16.0	17.0	18.0	19.0	20.0	21.0	22.0	23.0	24.0	25.0	26.0	27.0	28.0	29.0	30.0	31.0	32.0	33.0	34.0	35.0	36.0	37.0	38.0	39.0	40.0	41.0
ESM2880_R1	2.0	35.0	146.0	367.0	751.0	1446.0	2619.0	4502.0	7359.0	11059.0	15697.0	21040.0	27067.0	33471.0	39602.0	47393.0	54784.0	62937.0	72887.0	84911.0	99685.0	121759.0	155947.0	219352.0	387978.0	1500404.0	54224.0
	11.0	12.0	13.0	14.0	15.0	16.0	17.0	18.0	19.0	20.0	21.0	22.0	23.0	24.0	25.0	26.0	27.0	28.0	29.0	30.0	31.0	32.0	33.0	34.0	35.0	36.0	37.0	38.0	39.0	40.0
ESM2880_R2	7.0	222.0	1001.0	1996.0	2903.0	4496.0	7946.0	12467.0	16502.0	20706.0	24844.0	29145.0	33619.0	38627.0	43841.0	48976.0	54907.0	60731.0	67211.0	76049.0	85534.0	96681.0	111637.0	131111.0	159606.0	203618.0	281231.0	419013.0	617532.0	375265.0
	14.0	15.0	16.0	17.0	18.0	19.0	20.0	21.0	22.0	23.0	24.0	25.0	26.0	27.0	28.0	29.0	30.0	31.0	32.0	33.0	34.0	35.0	36.0	37.0	38.0	39.0	40.0	41.0
ESM2882_R1	1.0	3.0	30.0	144.0	459.0	1009.0	1891.0	3346.0	5804.0	9342.0	14610.0	20974.0	28176.0	36003.0	44657.0	53460.0	63157.0	73550.0	85579.0	98101.0	114569.0	135313.0	165803.0	211957.0	297215.0	529223.0	2071386.0	77415.0
	11.0	12.0	13.0	14.0	15.0	16.0	17.0	18.0	19.0	20.0	21.0	22.0	23.0	24.0	25.0	26.0	27.0	28.0	29.0	30.0	31.0	32.0	33.0	34.0	35.0	36.0	37.0	38.0	39.0	40.0
ESM2882_R2	5.0	150.0	744.0	1572.0	2584.0	4614.0	8847.0	14269.0	19512.0	24664.0	30662.0	36544.0	42474.0	48692.0	56141.0	63281.0	70962.0	79569.0	89202.0	100579.0	113761.0	129782.0	149483.0	175888.0	213768.0	273309.0	375253.0	568643.0	878583.0	569640.0
	13.0	14.0	15.0	16.0	17.0	18.0	19.0	20.0	21.0	22.0	23.0	24.0	25.0	26.0	27.0	28.0	29.0	30.0	31.0	32.0	33.0	34.0	35.0	36.0	37.0	38.0	39.0	40.0	41.0
ESM2883_R1	1.0	2.0	3.0	22.0	136.0	378.0	737.0	1365.0	2445.0	4250.0	6899.0	10542.0	15110.0	20512.0	26862.0	33287.0	40487.0	47998.0	56486.0	66081.0	77081.0	89405.0	106291.0	129768.0	165784.0	230626.0	403316.0	1483895.0	52902.0
	11.0	12.0	13.0	14.0	15.0	16.0	17.0	18.0	19.0	20.0	21.0	22.0	23.0	24.0	25.0	26.0	27.0	28.0	29.0	30.0	31.0	32.0	33.0	34.0	35.0	36.0	37.0	38.0	39.0	40.0
ESM2883_R2	14.0	652.0	1655.0	1577.0	1845.0	3149.0	5788.0	9227.0	12437.0	15880.0	19217.0	23848.0	28179.0	32446.0	37295.0	43225.0	48906.0	55696.0	62906.0	71384.0	81274.0	92748.0	107468.0	125802.0	151096.0	189982.0	255231.0	381574.0	644034.0	568136.0
	14.0	15.0	16.0	17.0	18.0	19.0	20.0	21.0	22.0	23.0	24.0	25.0	26.0	27.0	28.0	29.0	30.0	31.0	32.0	33.0	34.0	35.0	36.0	37.0	38.0	39.0	40.0	41.0
ESM2886_R1	1.0	2.0	15.0	97.0	274.0	576.0	1090.0	2010.0	3360.0	5567.0	8513.0	11994.0	16166.0	20722.0	25530.0	30722.0	36262.0	42187.0	48882.0	55869.0	64966.0	77015.0	93495.0	118350.0	166979.0	292487.0	1169781.0	48082.0
	11.0	12.0	13.0	14.0	15.0	16.0	17.0	18.0	19.0	20.0	21.0	22.0	23.0	24.0	25.0	26.0	27.0	28.0	29.0	30.0	31.0	32.0	33.0	34.0	35.0	36.0	37.0	38.0	39.0	40.0
ESM2886_R2	5.0	154.0	537.0	1006.0	1735.0	2943.0	5535.0	8606.0	11724.0	14817.0	17744.0	21122.0	24574.0	28112.0	31835.0	36382.0	40826.0	45555.0	51240.0	57019.0	64879.0	73421.0	84174.0	99600.0	120168.0	152722.0	209282.0	314373.0	485594.0	335310.0
	15.0	16.0	17.0	18.0	19.0	20.0	21.0	22.0	23.0	24.0	25.0	26.0	27.0	28.0	29.0	30.0	31.0	32.0	33.0	34.0	35.0	36.0	37.0	38.0	39.0	40.0	41.0
ESM2887_R1	4.0	27.0	137.0	341.0	705.0	1268.0	2170.0	3813.0	6068.0	9310.0	13437.0	18301.0	23498.0	29316.0	35356.0	42111.0	49270.0	57205.0	66470.0	77670.0	91412.0	111092.0	141989.0	198516.0	348679.0	1438033.0	61814.0
	11.0	12.0	13.0	14.0	15.0	16.0	17.0	18.0	19.0	20.0	21.0	22.0	23.0	24.0	25.0	26.0	27.0	28.0	29.0	30.0	31.0	32.0	33.0	34.0	35.0	36.0	37.0	38.0	39.0	40.0
ESM2887_R2	7.0	269.0	987.0	1893.0	2529.0	4325.0	7773.0	12030.0	16229.0	20416.0	24506.0	28953.0	33531.0	37679.0	42108.0	46778.0	52408.0	57659.0	63951.0	71437.0	79634.0	90952.0	103631.0	120889.0	146662.0	185331.0	254741.0	380737.0	574133.0	365834.0
	14.0	15.0	16.0	17.0	18.0	19.0	20.0	21.0	22.0	23.0	24.0	25.0	26.0	27.0	28.0	29.0	30.0	31.0	32.0	33.0	34.0	35.0	36.0	37.0	38.0	39.0	40.0	41.0
ESM2888_R1	1.0	6.0	23.0	80.0	232.0	456.0	761.0	1523.0	2596.0	4381.0	6698.0	9399.0	12647.0	16278.0	20176.0	24721.0	28680.0	33639.0	39235.0	44911.0	52824.0	62461.0	75172.0	95549.0	133834.0	235347.0	951983.0	39926.0
	11.0	12.0	13.0	14.0	15.0	16.0	17.0	18.0	19.0	20.0	21.0	22.0	23.0	24.0	25.0	26.0	27.0	28.0	29.0	30.0	31.0	32.0	33.0	34.0	35.0	36.0	37.0	38.0	39.0	40.0
ESM2888_R2	5.0	134.0	643.0	1324.0	1945.0	3064.0	5475.0	8248.0	10916.0	13622.0	16392.0	19059.0	21778.0	24725.0	28184.0	31400.0	34843.0	39137.0	43179.0	47989.0	54252.0	61085.0	70638.0	81865.0	100072.0	127710.0	174540.0	259225.0	381096.0	230994.0
	15.0	16.0	17.0	18.0	19.0	20.0	21.0	22.0	23.0	24.0	25.0	26.0	27.0	28.0	29.0	30.0	31.0	32.0	33.0	34.0	35.0	36.0	37.0	38.0	39.0	40.0	41.0
ESM2893_R1	7.0	48.0	115.0	244.0	577.0	1178.0	2174.0	3523.0	5941.0	9196.0	13352.0	18225.0	23344.0	29534.0	36368.0	42703.0	50388.0	58268.0	67587.0	79219.0	94072.0	114230.0	146351.0	204381.0	358626.0	1453481.0	60460.0
	11.0	12.0	13.0	14.0	15.0	16.0	17.0	18.0	19.0	20.0	21.0	22.0	23.0	24.0	25.0	26.0	27.0	28.0	29.0	30.0	31.0	32.0	33.0	34.0	35.0	36.0	37.0	38.0	39.0	40.0
ESM2893_R2	6.0	144.0	572.0	1063.0	1869.0	3264.0	6133.0	9685.0	13236.0	16465.0	20472.0	24305.0	28588.0	32779.0	37395.0	42582.0	47978.0	54165.0	60503.0	68728.0	77116.0	88057.0	101906.0	118977.0	145463.0	185755.0	253160.0	385811.0	608510.0	438905.0
	15.0	16.0	17.0	18.0	19.0	20.0	21.0	22.0	23.0	24.0	25.0	26.0	27.0	28.0	29.0	30.0	31.0	32.0	33.0	34.0	35.0	36.0	37.0	38.0	39.0	40.0	41.0
ESM2895_R1	3.0	19.0	107.0	269.0	605.0	977.0	1910.0	3179.0	4991.0	7872.0	11340.0	15653.0	20444.0	25455.0	30848.0	36896.0	42992.0	50571.0	58749.0	68687.0	81169.0	98929.0	126312.0	176812.0	309796.0	1275575.0	53560.0
	11.0	12.0	13.0	14.0	15.0	16.0	17.0	18.0	19.0	20.0	21.0	22.0	23.0	24.0	25.0	26.0	27.0	28.0	29.0	30.0	31.0	32.0	33.0	34.0	35.0	36.0	37.0	38.0	39.0	40.0
ESM2895_R2	2.0	115.0	538.0	1122.0	1933.0	3335.0	6292.0	10005.0	13349.0	16570.0	20029.0	23660.0	27204.0	30955.0	35534.0	39892.0	44650.0	49625.0	55252.0	61599.0	69561.0	79174.0	89871.0	106850.0	129893.0	166289.0	228168.0	342965.0	519054.0	330234.0
	15.0	16.0	17.0	18.0	19.0	20.0	21.0	22.0	23.0	24.0	25.0	26.0	27.0	28.0	29.0	30.0	31.0	32.0	33.0	34.0	35.0	36.0	37.0	38.0	39.0	40.0	41.0
ESM2896_R1	1.0	25.0	104.0	241.0	534.0	916.0	1586.0	2762.0	4546.0	6947.0	10010.0	13471.0	18068.0	22767.0	27745.0	33404.0	39195.0	46245.0	53723.0	62933.0	74523.0	90490.0	114990.0	161877.0	282556.0	1161488.0	49909.0
	12.0	13.0	14.0	15.0	16.0	17.0	18.0	19.0	20.0	21.0	22.0	23.0	24.0	25.0	26.0	27.0	28.0	29.0	30.0	31.0	32.0	33.0	34.0	35.0	36.0	37.0	38.0	39.0	40.0
ESM2896_R2	122.0	622.0	1375.0	2049.0	3581.0	6239.0	9409.0	12509.0	15704.0	18739.0	22240.0	25945.0	29297.0	32999.0	37227.0	41608.0	46172.0	51670.0	57588.0	65160.0	73567.0	84888.0	98762.0	120733.0	153196.0	210705.0	314163.0	464193.0	280594.0
	13.0	14.0	15.0	16.0	17.0	18.0	19.0	20.0	21.0	22.0	23.0	24.0	25.0	26.0	27.0	28.0	29.0	30.0	31.0	32.0	33.0	34.0	35.0	36.0	37.0	38.0	39.0	40.0	41.0
ESM2897_R1	1.0	0.0	6.0	19.0	83.0	241.0	475.0	793.0	1386.0	2488.0	4097.0	6291.0	9060.0	12352.0	16242.0	20446.0	24682.0	29870.0	34524.0	40645.0	47191.0	55399.0	65504.0	79942.0	102032.0	143266.0	251922.0	1046332.0	45863.0
	11.0	12.0	13.0	14.0	15.0	16.0	17.0	18.0	19.0	20.0	21.0	22.0	23.0	24.0	25.0	26.0	27.0	28.0	29.0	30.0	31.0	32.0	33.0	34.0	35.0	36.0	37.0	38.0	39.0	40.0
ESM2897_R2	7.0	151.0	703.0	1409.0	1892.0	2825.0	4486.0	6961.0	9529.0	12060.0	14876.0	17428.0	20204.0	23620.0	26918.0	30444.0	34739.0	38666.0	43584.0	48728.0	55320.0	63201.0	72469.0	85297.0	103969.0	132296.0	181473.0	277513.0	435891.0	294493.0
	14.0	15.0	16.0	17.0	18.0	19.0	20.0	21.0	22.0	23.0	24.0	25.0	26.0	27.0	28.0	29.0	30.0	31.0	32.0	33.0	34.0	35.0	36.0	37.0	38.0	39.0	40.0	41.0
MAR2971_R1	1.0	4.0	29.0	167.0	407.0	764.0	1388.0	2327.0	4128.0	6634.0	10077.0	14108.0	19099.0	24659.0	30549.0	37466.0	43901.0	51512.0	60097.0	69752.0	82654.0	97378.0	118169.0	151096.0	212120.0	373755.0	1357149.0	46516.0
	11.0	12.0	13.0	14.0	15.0	16.0	17.0	18.0	19.0	20.0	21.0	22.0	23.0	24.0	25.0	26.0	27.0	28.0	29.0	30.0	31.0	32.0	33.0	34.0	35.0	36.0	37.0	38.0	39.0	40.0
MAR2971_R2	11.0	396.0	997.0	1006.0	1379.0	2620.0	5082.0	8380.0	11186.0	14344.0	17629.0	21254.0	24884.0	29252.0	33582.0	38713.0	43785.0	49850.0	56745.0	64007.0	72992.0	83556.0	96758.0	113694.0	137669.0	173411.0	232504.0	348537.0	593957.0	537726.0
	15.0	16.0	17.0	18.0	19.0	20.0	21.0	22.0	23.0	24.0	25.0	26.0	27.0	28.0	29.0	30.0	31.0	32.0	33.0	34.0	35.0	36.0	37.0	38.0	39.0	40.0	41.0
MAR2972_R1	2.0	22.0	141.0	296.0	507.0	1000.0	1678.0	2807.0	4712.0	7028.0	10114.0	13767.0	18082.0	22679.0	27219.0	32977.0	38379.0	44883.0	52016.0	61666.0	73022.0	88441.0	113253.0	159379.0	278985.0	992460.0	31431.0
	11.0	12.0	13.0	14.0	15.0	16.0	17.0	18.0	19.0	20.0	21.0	22.0	23.0	24.0	25.0	26.0	27.0	28.0	29.0	30.0	31.0	32.0	33.0	34.0	35.0	36.0	37.0	38.0	39.0	40.0
MAR2972_R2	5.0	223.0	1264.0	2078.0	1918.0	2585.0	4571.0	7038.0	9304.0	12130.0	14776.0	18172.0	20829.0	24205.0	27795.0	31484.0	35882.0	40680.0	45528.0	51514.0	58025.0	66705.0	76872.0	90085.0	108436.0	136375.0	181413.0	269975.0	427658.0	309421.0
	14.0	15.0	16.0	17.0	18.0	19.0	20.0	21.0	22.0	23.0	24.0	25.0	26.0	27.0	28.0	29.0	30.0	31.0	32.0	33.0	34.0	35.0	36.0	37.0	38.0	39.0	40.0	41.0
MAR2973_R1	1.0	4.0	27.0	154.0	431.0	789.0	1433.0	2547.0	4460.0	7194.0	10576.0	14993.0	20022.0	25871.0	31770.0	37707.0	44842.0	51452.0	59603.0	68220.0	79542.0	92908.0	112776.0	143880.0	200613.0	351049.0	1452198.0	64222.0
	11.0	12.0	13.0	14.0	15.0	16.0	17.0	18.0	19.0	20.0	21.0	22.0	23.0	24.0	25.0	26.0	27.0	28.0	29.0	30.0	31.0	32.0	33.0	34.0	35.0	36.0	37.0	38.0	39.0	40.0
MAR2973_R2	3.0	323.0	1185.0	2086.0	2849.0	4038.0	6874.0	10575.0	14184.0	17992.0	21433.0	25492.0	29868.0	34215.0	38537.0	43670.0	49010.0	55013.0	61312.0	68709.0	77235.0	87972.0	100978.0	117601.0	143696.0	182292.0	251586.0	381543.0	605795.0	443218.0
	15.0	16.0	17.0	18.0	19.0	20.0	21.0	22.0	23.0	24.0	25.0	26.0	27.0	28.0	29.0	30.0	31.0	32.0	33.0	34.0	35.0	36.0	37.0	38.0	39.0	40.0	41.0
MAR2974_R1	2.0	21.0	129.0	267.0	532.0	1016.0	1691.0	2809.0	4435.0	6578.0	9352.0	12145.0	15597.0	19383.0	23005.0	27304.0	31721.0	37255.0	42411.0	49019.0	57652.0	70254.0	89469.0	124580.0	219318.0	866598.0	34943.0
	11.0	12.0	13.0	14.0	15.0	16.0	17.0	18.0	19.0	20.0	21.0	22.0	23.0	24.0	25.0	26.0	27.0	28.0	29.0	30.0	31.0	32.0	33.0	34.0	35.0	36.0	37.0	38.0	39.0	40.0
MAR2974_R2	2.0	380.0	1572.0	2630.0	2963.0	3876.0	5820.0	8500.0	11468.0	14442.0	17068.0	19790.0	22736.0	25360.0	28445.0	31303.0	34506.0	38223.0	41969.0	46663.0	52253.0	59153.0	67872.0	79679.0	96331.0	122503.0	164745.0	237117.0	322901.0	187216.0
	15.0	16.0	17.0	18.0	19.0	20.0	21.0	22.0	23.0	24.0	25.0	26.0	27.0	28.0	29.0	30.0	31.0	32.0	33.0	34.0	35.0	36.0	37.0	38.0	39.0	40.0	41.0
MAR2975_R1	3.0	36.0	221.0	549.0	1113.0	2017.0	3437.0	5804.0	9344.0	14300.0	20098.0	27229.0	34300.0	42582.0	50843.0	59324.0	69074.0	79635.0	91631.0	106451.0	125549.0	152621.0	194315.0	271675.0	475596.0	1987266.0	90664.0
	11.0	12.0	13.0	14.0	15.0	16.0	17.0	18.0	19.0	20.0	21.0	22.0	23.0	24.0	25.0	26.0	27.0	28.0	29.0	30.0	31.0	32.0	33.0	34.0	35.0	36.0	37.0	38.0	39.0	40.0
MAR2975_R2	9.0	589.0	2793.0	5141.0	6219.0	7822.0	11943.0	17477.0	22457.0	27891.0	33407.0	38994.0	44685.0	50461.0	56787.0	63364.0	70434.0	78118.0	87296.0	96426.0	109173.0	123792.0	142168.0	166487.0	201743.0	256814.0	351838.0	528380.0	799542.0	513427.0
	15.0	16.0	17.0	18.0	19.0	20.0	21.0	22.0	23.0	24.0	25.0	26.0	27.0	28.0	29.0	30.0	31.0	32.0	33.0	34.0	35.0	36.0	37.0	38.0	39.0	40.0	41.0
MAR2977_R1	1.0	28.0	97.0	253.0	442.0	825.0	1382.0	2401.0	3889.0	5805.0	8130.0	10969.0	14027.0	17471.0	20737.0	24059.0	28292.0	32432.0	37545.0	43510.0	51412.0	62619.0	79232.0	110929.0	195460.0	784791.0	31212.0
	11.0	12.0	13.0	14.0	15.0	16.0	17.0	18.0	19.0	20.0	21.0	22.0	23.0	24.0	25.0	26.0	27.0	28.0	29.0	30.0	31.0	32.0	33.0	34.0	35.0	36.0	37.0	38.0	39.0	40.0
MAR2977_R2	3.0	114.0	459.0	942.0	1413.0	2743.0	5108.0	7809.0	10593.0	13289.0	15636.0	18173.0	20726.0	23231.0	25707.0	28225.0	31290.0	34089.0	38014.0	41776.0	46182.0	52280.0	59383.0	69570.0	84152.0	106296.0	143307.0	209585.0	299719.0	178136.0
	15.0	16.0	17.0	18.0	19.0	20.0	21.0	22.0	23.0	24.0	25.0	26.0	27.0	28.0	29.0	30.0	31.0	32.0	33.0	34.0	35.0	36.0	37.0	38.0	39.0	40.0	41.0
MAR2979_R1	6.0	47.0	257.0	622.0	1121.0	1822.0	3216.0	5261.0	8538.0	12854.0	18414.0	24456.0	31650.0	39437.0	47187.0	55633.0	65343.0	74482.0	86499.0	100432.0	118144.0	144458.0	184412.0	259374.0	456209.0	1864062.0	78048.0
	11.0	12.0	13.0	14.0	15.0	16.0	17.0	18.0	19.0	20.0	21.0	22.0	23.0	24.0	25.0	26.0	27.0	28.0	29.0	30.0	31.0	32.0	33.0	34.0	35.0	36.0	37.0	38.0	39.0	40.0
MAR2979_R2	5.0	217.0	1162.0	2152.0	3031.0	5345.0	9699.0	15264.0	20892.0	26840.0	32124.0	38166.0	43544.0	49943.0	55510.0	61673.0	68561.0	75953.0	84526.0	93800.0	104705.0	118433.0	135209.0	158803.0	193083.0	243098.0	331533.0	492816.0	743949.0	471948.0
	16.0	17.0	18.0	19.0	20.0	21.0	22.0	23.0	24.0	25.0	26.0	27.0	28.0	29.0	30.0	31.0	32.0	33.0	34.0	35.0	36.0	37.0	38.0	39.0	40.0	41.0
MAR2980_R1	19.0	83.0	222.0	464.0	901.0	1618.0	2715.0	4575.0	6609.0	9568.0	12974.0	16372.0	20429.0	25079.0	29487.0	34072.0	39634.0	46003.0	53773.0	63852.0	77913.0	98989.0	138607.0	242191.0	889052.0	31070.0
	11.0	12.0	13.0	14.0	15.0	16.0	17.0	18.0	19.0	20.0	21.0	22.0	23.0	24.0	25.0	26.0	27.0	28.0	29.0	30.0	31.0	32.0	33.0	34.0	35.0	36.0	37.0	38.0	39.0	40.0
MAR2980_R2	6.0	366.0	972.0	856.0	996.0	1707.0	3393.0	5246.0	7106.0	9159.0	11297.0	13338.0	16205.0	18597.0	21207.0	24650.0	28197.0	32010.0	36134.0	40989.0	47030.0	54147.0	63031.0	74330.0	89024.0	113209.0	151782.0	227082.0	388632.0	365573.0
	13.0	14.0	15.0	16.0	17.0	18.0	19.0	20.0	21.0	22.0	23.0	24.0	25.0	26.0	27.0	28.0	29.0	30.0	31.0	32.0	33.0	34.0	35.0	36.0	37.0	38.0	39.0	40.0	41.0
MAR2981_R1	1.0	0.0	2.0	33.0	209.0	468.0	841.0	1493.0	2491.0	4107.0	6805.0	10421.0	14534.0	19755.0	25420.0	31693.0	38484.0	45901.0	53425.0	61984.0	72003.0	84247.0	98841.0	121898.0	156161.0	218076.0	383605.0	1349220.0	41841.0
	11.0	12.0	13.0	14.0	15.0	16.0	17.0	18.0	19.0	20.0	21.0	22.0	23.0	24.0	25.0	26.0	27.0	28.0	29.0	30.0	31.0	32.0	33.0	34.0	35.0	36.0	37.0	38.0	39.0	40.0
MAR2981_R2	36.0	1004.0	2285.0	1880.0	2076.0	3083.0	5580.0	8712.0	12029.0	15237.0	19024.0	23043.0	27120.0	31543.0	36033.0	41127.0	46536.0	52826.0	59232.0	67407.0	76572.0	87659.0	101026.0	118968.0	143779.0	180230.0	239588.0	356795.0	586776.0	496753.0
	15.0	16.0	17.0	18.0	19.0	20.0	21.0	22.0	23.0	24.0	25.0	26.0	27.0	28.0	29.0	30.0	31.0	32.0	33.0	34.0	35.0	36.0	37.0	38.0	39.0	40.0	41.0
MAR2990_R1	5.0	39.0	154.0	333.0	673.0	1308.0	2451.0	4354.0	7427.0	12111.0	31504.0	113736.0	51539.0	37338.0	39208.0	44192.0	49532.0	56490.0	64415.0	73987.0	86999.0	105239.0	134690.0	189448.0	335126.0	1304999.0	48468.0
	11.0	12.0	13.0	14.0	15.0	16.0	17.0	18.0	19.0	20.0	21.0	22.0	23.0	24.0	25.0	26.0	27.0	28.0	29.0	30.0	31.0	32.0	33.0	34.0	35.0	36.0	37.0	38.0	39.0	40.0
MAR2990_R2	2.0	98.0	438.0	858.0	1545.0	3135.0	5800.0	8837.0	12369.0	15629.0	19181.0	23099.0	28436.0	58371.0	141414.0	62780.0	50670.0	52166.0	56820.0	62777.0	70975.0	80817.0	93480.0	110548.0	134866.0	172164.0	236295.0	355772.0	552507.0	383916.0
	15.0	16.0	17.0	18.0	19.0	20.0	21.0	22.0	23.0	24.0	25.0	26.0	27.0	28.0	29.0	30.0	31.0	32.0	33.0	34.0	35.0	36.0	37.0	38.0	39.0	40.0	41.0
SOR3003_R1	6.0	89.0	410.0	829.0	1395.0	2404.0	3746.0	6283.0	9578.0	14513.0	20049.0	27154.0	35258.0	43509.0	53123.0	63055.0	73048.0	84546.0	97475.0	114242.0	134929.0	164469.0	210617.0	295973.0	520774.0	2064965.0	82831.0
	11.0	12.0	13.0	14.0	15.0	16.0	17.0	18.0	19.0	20.0	21.0	22.0	23.0	24.0	25.0	26.0	27.0	28.0	29.0	30.0	31.0	32.0	33.0	34.0	35.0	36.0	37.0	38.0	39.0	40.0
SOR3003_R2	6.0	160.0	840.0	1846.0	3134.0	5982.0	11218.0	17776.0	23569.0	28606.0	34729.0	40493.0	46728.0	52900.0	59558.0	67103.0	74608.0	83845.0	92400.0	103502.0	116396.0	131788.0	152118.0	179431.0	218363.0	279409.0	382958.0	572758.0	842266.0	500780.0
	14.0	15.0	16.0	17.0	18.0	19.0	20.0	21.0	22.0	23.0	24.0	25.0	26.0	27.0	28.0	29.0	30.0	31.0	32.0	33.0	34.0	35.0	36.0	37.0	38.0	39.0	40.0	41.0
SOR3005_R1	1.0	2.0	40.0	250.0	489.0	915.0	1540.0	2426.0	4378.0	6720.0	9979.0	14329.0	19442.0	25410.0	31418.0	38227.0	45941.0	53760.0	62517.0	72915.0	84892.0	100835.0	122738.0	157610.0	220426.0	389063.0	1610653.0	70114.0
	11.0	12.0	13.0	14.0	15.0	16.0	17.0	18.0	19.0	20.0	21.0	22.0	23.0	24.0	25.0	26.0	27.0	28.0	29.0	30.0	31.0	32.0	33.0	34.0	35.0	36.0	37.0	38.0	39.0	40.0
SOR3005_R2	5.0	331.0	1548.0	2977.0	3711.0	4709.0	7475.0	11346.0	15372.0	19221.0	23592.0	27656.0	32793.0	37180.0	42556.0	48290.0	53965.0	60801.0	68135.0	76151.0	86186.0	97435.0	113060.0	133189.0	161605.0	208183.0	284523.0	429835.0	664932.0	430268.0
	14.0	15.0	16.0	17.0	18.0	19.0	20.0	21.0	22.0	23.0	24.0	25.0	26.0	27.0	28.0	29.0	30.0	31.0	32.0	33.0	34.0	35.0	36.0	37.0	38.0	39.0	40.0	41.0
SOR3006_R1	1.0	3.0	54.0	234.0	523.0	946.0	1560.0	2595.0	4558.0	7236.0	10895.0	15485.0	21615.0	27910.0	35180.0	42936.0	50733.0	59685.0	70063.0	81283.0	95191.0	113293.0	138141.0	176896.0	247641.0	435861.0	1824594.0	80677.0
	11.0	12.0	13.0	14.0	15.0	16.0	17.0	18.0	19.0	20.0	21.0	22.0	23.0	24.0	25.0	26.0	27.0	28.0	29.0	30.0	31.0	32.0	33.0	34.0	35.0	36.0	37.0	38.0	39.0	40.0
SOR3006_R2	1.0	178.0	930.0	1882.0	2815.0	4411.0	7794.0	12257.0	16719.0	21567.0	26408.0	31553.0	36771.0	41875.0	47746.0	53838.0	60879.0	68239.0	76449.0	85619.0	96248.0	109134.0	126296.0	149033.0	181340.0	230990.0	317456.0	482451.0	756787.0	498123.0
	15.0	16.0	17.0	18.0	19.0	20.0	21.0	22.0	23.0	24.0	25.0	26.0	27.0	28.0	29.0	30.0	31.0	32.0	33.0	34.0	35.0	36.0	37.0	38.0	39.0	40.0	41.0
SOR3007_R1	5.0	35.0	227.0	590.0	1109.0	1944.0	3550.0	6033.0	9708.0	14582.0	20731.0	28684.0	37300.0	46938.0	56878.0	68466.0	80976.0	93870.0	109817.0	129509.0	153799.0	187403.0	240839.0	338019.0	591549.0	2104810.0	67968.0
	11.0	12.0	13.0	14.0	15.0	16.0	17.0	18.0	19.0	20.0	21.0	22.0	23.0	24.0	25.0	26.0	27.0	28.0	29.0	30.0	31.0	32.0	33.0	34.0	35.0	36.0	37.0	38.0	39.0	40.0
SOR3007_R2	22.0	1000.0	2431.0	2286.0	2578.0	4377.0	8038.0	12452.0	16506.0	20997.0	25880.0	31600.0	37222.0	43822.0	50831.0	58378.0	67116.0	76720.0	87284.0	99202.0	113844.0	130910.0	152582.0	179928.0	218011.0	274273.0	370093.0	554120.0	935466.0	817370.0
	15.0	16.0	17.0	18.0	19.0	20.0	21.0	22.0	23.0	24.0	25.0	26.0	27.0	28.0	29.0	30.0	31.0	32.0	33.0	34.0	35.0	36.0	37.0	38.0	39.0	40.0	41.0
SOR3011_R1	3.0	32.0	94.0	244.0	504.0	937.0	1789.0	2869.0	4485.0	6738.0	9563.0	12961.0	16709.0	21152.0	25613.0	30270.0	35278.0	41064.0	47609.0	55695.0	65975.0	80088.0	101851.0	142069.0	248340.0	1010309.0	43645.0
	11.0	12.0	13.0	14.0	15.0	16.0	17.0	18.0	19.0	20.0	21.0	22.0	23.0	24.0	25.0	26.0	27.0	28.0	29.0	30.0	31.0	32.0	33.0	34.0	35.0	36.0	37.0	38.0	39.0	40.0
SOR3011_R2	4.0	56.0	357.0	761.0	1241.0	2418.0	4594.0	7360.0	9701.0	12100.0	15000.0	17638.0	20733.0	23553.0	27109.0	30544.0	34396.0	38851.0	43328.0	48484.0	55319.0	62621.0	72217.0	85239.0	103627.0	130783.0	178912.0	271735.0	427848.0	279357.0
	13.0	14.0	15.0	16.0	17.0	18.0	19.0	20.0	21.0	22.0	23.0	24.0	25.0	26.0	27.0	28.0	29.0	30.0	31.0	32.0	33.0	34.0	35.0	36.0	37.0	38.0	39.0	40.0	41.0
SOR3012_R1	1.0	1.0	5.0	31.0	141.0	390.0	717.0	1308.0	2364.0	3970.0	6447.0	9611.0	13482.0	18161.0	23740.0	29774.0	36017.0	42183.0	49404.0	57159.0	66343.0	77459.0	91666.0	111142.0	141848.0	197540.0	346345.0	1408417.0	59127.0
	11.0	12.0	13.0	14.0	15.0	16.0	17.0	18.0	19.0	20.0	21.0	22.0	23.0	24.0	25.0	26.0	27.0	28.0	29.0	30.0	31.0	32.0	33.0	34.0	35.0	36.0	37.0	38.0	39.0	40.0
SOR3012_R2	3.0	99.0	529.0	1237.0	2025.0	3908.0	7371.0	11458.0	15414.0	19220.0	22920.0	26898.0	31404.0	36020.0	40389.0	45804.0	50955.0	56649.0	63580.0	70310.0	79139.0	89570.0	103200.0	120241.0	147356.0	186258.0	255719.0	384135.0	579011.0	343971.0
	15.0	16.0	17.0	18.0	19.0	20.0	21.0	22.0	23.0	24.0	25.0	26.0	27.0	28.0	29.0	30.0	31.0	32.0	33.0	34.0	35.0	36.0	37.0	38.0	39.0	40.0	41.0
SOR3013_R1	3.0	38.0	190.0	464.0	839.0	1517.0	2533.0	4109.0	6716.0	9855.0	14316.0	19498.0	25363.0	31977.0	38455.0	45580.0	53013.0	61771.0	71792.0	83626.0	99657.0	119988.0	154082.0	215304.0	375123.0	1563102.0	69743.0
	11.0	12.0	13.0	14.0	15.0	16.0	17.0	18.0	19.0	20.0	21.0	22.0	23.0	24.0	25.0	26.0	27.0	28.0	29.0	30.0	31.0	32.0	33.0	34.0	35.0	36.0	37.0	38.0	39.0	40.0
SOR3013_R2	2.0	154.0	814.0	1602.0	2464.0	4270.0	8071.0	12496.0	16701.0	21009.0	25598.0	29985.0	34417.0	39359.0	44454.0	49747.0	55366.0	62994.0	69097.0	77134.0	86462.0	97939.0	112544.0	131389.0	160379.0	203147.0	279219.0	420822.0	637690.0	383329.0
	15.0	16.0	17.0	18.0	19.0	20.0	21.0	22.0	23.0	24.0	25.0	26.0	27.0	28.0	29.0	30.0	31.0	32.0	33.0	34.0	35.0	36.0	37.0	38.0	39.0	40.0	41.0
SOR3017_R1	1.0	16.0	80.0	201.0	493.0	976.0	1893.0	3209.0	5261.0	7779.0	11042.0	14605.0	19064.0	23083.0	27750.0	32477.0	38100.0	44090.0	50322.0	58542.0	69254.0	84236.0	107739.0	152005.0	268143.0	1037192.0	38142.0
	11.0	12.0	13.0	14.0	15.0	16.0	17.0	18.0	19.0	20.0	21.0	22.0	23.0	24.0	25.0	26.0	27.0	28.0	29.0	30.0	31.0	32.0	33.0	34.0	35.0	36.0	37.0	38.0	39.0	40.0
SOR3017_R2	1.0	80.0	414.0	902.0	1514.0	2734.0	5640.0	8810.0	11850.0	14585.0	17594.0	20779.0	23893.0	27325.0	30925.0	34549.0	38157.0	42528.0	47531.0	52642.0	59585.0	67168.0	77677.0	91435.0	110596.0	141129.0	193200.0	287817.0	426103.0	258532.0
	14.0	15.0	16.0	17.0	18.0	19.0	20.0	21.0	22.0	23.0	24.0	25.0	26.0	27.0	28.0	29.0	30.0	31.0	32.0	33.0	34.0	35.0	36.0	37.0	38.0	39.0	40.0	41.0
SOR3020_R1	1.0	2.0	15.0	119.0	351.0	642.0	1221.0	2213.0	3713.0	6068.0	8894.0	12640.0	17041.0	22046.0	27280.0	32467.0	38450.0	44894.0	51865.0	59505.0	69224.0	82141.0	99568.0	127268.0	177446.0	309204.0	1308839.0	61210.0
	11.0	12.0	13.0	14.0	15.0	16.0	17.0	18.0	19.0	20.0	21.0	22.0	23.0	24.0	25.0	26.0	27.0	28.0	29.0	30.0	31.0	32.0	33.0	34.0	35.0	36.0	37.0	38.0	39.0	40.0
SOR3020_R2	5.0	247.0	1192.0	2291.0	3027.0	4377.0	7432.0	11366.0	14948.0	18326.0	22251.0	25894.0	29380.0	33918.0	37984.0	42512.0	46927.0	52362.0	57938.0	64472.0	72242.0	82272.0	94120.0	109544.0	132439.0	169045.0	230578.0	348770.0	528396.0	320072.0
	12.0	13.0	14.0	15.0	16.0	17.0	18.0	19.0	20.0	21.0	22.0	23.0	24.0	25.0	26.0	27.0	28.0	29.0	30.0	31.0	32.0	33.0	34.0	35.0	36.0	37.0	38.0	39.0	40.0	41.0
SOR3021_R1	1.0	0.0	0.0	6.0	42.0	163.0	464.0	984.0	1695.0	3002.0	5231.0	8210.0	12412.0	17535.0	23326.0	29843.0	37494.0	44323.0	52393.0	60690.0	70154.0	81103.0	94366.0	111449.0	135496.0	172712.0	242643.0	429062.0	1666647.0	61152.0
	11.0	12.0	13.0	14.0	15.0	16.0	17.0	18.0	19.0	20.0	21.0	22.0	23.0	24.0	25.0	26.0	27.0	28.0	29.0	30.0	31.0	32.0	33.0	34.0	35.0	36.0	37.0	38.0	39.0	40.0
SOR3021_R2	5.0	238.0	1019.0	2091.0	3062.0	4625.0	8353.0	13096.0	17362.0	21565.0	26537.0	31547.0	36182.0	41315.0	47278.0	53470.0	59991.0	66906.0	74663.0	83946.0	94343.0	106828.0	122802.0	144679.0	175451.0	224144.0	307374.0	464163.0	702083.0	427480.0

