	1	2	3	4	5	6	7	8	9	12	17	22	27	32	37	42	47	52	57	62	67	72	77	82	87	92	97	102	107	112	117	122	127	132	137	142	145
CAB2918_R1	0.0	0.0	0.0018445316901723352	0.0	0.0	0.0	0.00011178979940438395	0.0	0.0007825285958306876	3.3536939821315185e-05	0.0	0.0	0.0	0.0	0.0005030540973197278	4.4715919761753584e-05	0.0	0.0002124006188683295	0.0	0.00013414775928526074	0.0002124006188683295	0.0	0.0	0.0	6.707387964263037e-05	7.825285958306877e-05	7.825285958306877e-05	0.0001900426589874527	0.0	0.2065763703193611	0.0	0.0	0.0010396451344607707	0.0017998157704105816	0.0	0.000424801237736659	0.0669061949435238
	1	2	3	4	5	6	7	8	9	12	17	22	27	32	37	42	47	52	57	62	67	72	77	82	87	92	97	102	107	112	117	122	127	132	137	142	147	150
CAB2918_R2	1.1636200220002324	0.012576352432993194	0.0	0.0	0.0	0.0015650571916613753	0.00011178979940438395	0.0	0.0	2.2357959880876792e-05	0.0008160655356520028	5.5894899702191977e-05	0.0016321310713040057	7.825285958306877e-05	0.00016768469910657594	0.0	0.00014532673922569914	0.00014532673922569914	0.0002906534784513983	1.1178979940438396e-05	0.0001900426589874527	0.0004918751173792894	0.0007042757362476189	0.00016768469910657594	0.0004024432778557822	0.0002459375586896447	0.00010061081946394555	0.0004136222577962206	0.0002124006188683295	7.825285958306877e-05	0.00012296877934482234	0.000536591037141043	0.0	0.0	0.0006148438967241117	0.0005701279769623582	8.943183952350717e-05	2.7947449851095988e-05
	1	2	3	4	5	6	7	8	9	12	17	22	27	32	37	42	47	52	57	62	67	72	77	82	87	92	97	102	107	112	117	122	127	132	137	142	145
CAB2919_R1	0.0	0.0	0.0016699387028124898	0.0	0.0	0.0	0.00010437116892578061	0.0	0.00031311350677734183	2.0874233785156124e-05	0.0	0.0	0.0	0.0	0.0003652990912402322	1.0437116892578062e-05	0.0	0.00031311350677734183	0.0	7.305981824804643e-05	0.00012524540271093674	0.0	0.0	0.0	0.00010437116892578061	6.262270135546837e-05	4.174846757031225e-05	0.00027136503920702963	0.0	0.20771950039608858	0.0	0.0	0.0011063343906132746	0.0017951841055234264	0.0	0.0005427300784140593	0.07133769396077105
	1	2	3	4	5	6	7	8	9	12	17	22	27	32	37	42	47	52	57	62	67	72	77	82	87	92	97	102	107	112	117	122	127	132	137	142	147	150
CAB2919_R2	1.1920753058858033	0.012159241179853442	0.0	0.0	0.0	0.001356825196035148	0.0	0.0	0.0	0.0	0.0006366641304472617	4.174846757031225e-05	0.001523819066316397	9.393405203320256e-05	0.000166993870281249	0.0	0.00019830522095898317	0.00017743098717382704	0.0003548619743476541	0.0	0.00020874233785156122	0.0003235506236699199	0.0008871549358691351	0.0002818021560996077	0.000511418727736325	0.00031311350677734183	0.00018786810406640512	0.0004905444939511689	0.0003235506236699199	0.00011480828581835868	0.00010437116892578061	0.000511418727736325	0.0	0.0	0.000500981610843747	0.000511418727736325	4.174846757031225e-05	2.6092792231445153e-05
	1	2	3	4	5	6	7	8	9	12	17	22	27	32	37	42	47	52	57	62	67	72	77	82	87	92	97	102	107	112	117	122	127	132	137	142	145
CAB2920_R1	0.0	0.0	0.0017246914792280812	0.0	0.0	0.0	0.0	0.0	0.0003980057259757111	3.98005725975711e-05	0.0	0.0	0.0	0.0	0.0004378062985732821	3.98005725975711e-05	0.0	0.00027860400818299774	0.0	0.00010613486026018962	0.00022553657805290294	0.0	0.0	0.0	6.63342876626185e-05	9.286800272766592e-05	7.96011451951422e-05	0.0002918708657155214	0.0	0.20611389862528826	0.0	0.0	0.001114416032731991	0.001777758909358176	0.0	0.0005041405862359007	0.07230437355225416
	1	2	3	4	5	6	7	8	9	12	17	22	27	32	37	42	47	52	57	62	67	72	77	82	87	92	97	102	107	112	117	122	127	132	137	142	147	150
CAB2920_R2	1.1911648035576405	0.011873837491608712	0.0	0.0	0.0	0.0017246914792280812	0.000132668575325237	0.0	0.0	2.6533715065047405e-05	0.000663342876626185	1.3266857532523702e-05	0.001698157764163034	0.0001459354328577607	0.00019900286298785554	2.6533715065047405e-05	0.00021226972052037924	0.00019900286298785554	0.0003449382958456162	0.0	0.00018573600545533184	0.0004112725835082347	0.0010082811724718014	0.0002388034355854266	0.0004908737287033769	0.00027860400818299774	0.0001724691479228081	0.0005041405862359007	0.00025207029311795034	9.286800272766592e-05	7.96011451951422e-05	0.0005439411588334718	0.0	0.0	0.0004908737287033769	0.0004908737287033769	0.000132668575325237	9.950143149392777e-05
	1	2	3	4	5	6	7	8	9	12	17	22	27	32	37	42	47	52	57	62	67	72	77	82	87	92	97	102	107	112	117	122	127	132	137	142	145
CAB2921_R1	0.0	0.0	0.0016595192887643676	0.0	0.0	0.0	0.0	0.0	0.0005150232275475624	1.1444960612168053e-05	0.0	0.0	0.0	0.0	0.00034334881836504163	2.2889921224336107e-05	0.0	0.0002403441728555291	0.0	0.00013733952734601665	9.155968489734443e-05	0.0	0.0	0.0	6.866976367300832e-05	0.00013733952734601665	9.155968489734443e-05	0.00022889921224336106	1.1444960612168053e-05	0.20726823668636343	0.0	0.0	0.0012703906279506539	0.0015908495250913594	0.0	0.0005493581093840666	0.07499310441123117
	1	2	3	4	5	6	7	8	9	12	17	22	27	32	37	42	47	52	57	62	67	72	77	82	87	92	97	102	107	112	117	122	127	132	137	142	147	150
CAB2921_R2	1.198745174518482	0.011788309430533094	0.0	0.0	0.0	0.0014306200765210066	0.00011444960612168053	0.0	0.0	2.2889921224336107e-05	0.0005493581093840666	1.1444960612168053e-05	0.001693854170600872	2.2889921224336107e-05	0.00011444960612168053	0.0	0.00016022944857035275	9.155968489734443e-05	0.00033190385775287354	1.1444960612168053e-05	0.00014878448795818469	0.00025178913346769716	0.001064381336931629	0.00021745425163119302	0.000423463542650218	0.0002403441728555291	0.00014878448795818469	0.00035479377897720967	0.0002746790546920333	9.155968489734443e-05	0.00013733952734601665	0.00043490850326238605	0.0	0.0	0.0003891286608137138	0.0005035782669353943	6.866976367300832e-05	8.583720459126041e-05
	1	2	3	4	5	6	7	8	9	12	17	22	27	32	37	42	47	52	57	62	67	72	77	82	87	92	97	102	107	112	117	122	127	132	137	142	145
CAB2922_R1	0.0	0.0	0.0017679401729045487	0.0	0.0	0.0	0.0	0.0	0.0009144518135713183	3.657807254285274e-05	0.0	0.0	0.0	0.0	0.0005730564698380262	1.2192690847617578e-05	0.0	8.534883593332305e-05	0.0	0.00020727574440949884	0.0002438538169523516	0.0	0.0	0.0	2.4385381695235156e-05	0.00013411959932379337	9.754152678094063e-05	0.0001706976718666461	1.2192690847617578e-05	0.20805607662374637	0.0	0.0	0.0010851494854379644	0.0018410963179902543	0.0	0.0004389368705142328	0.07266843745180077
	1	2	3	4	5	6	7	8	9	12	17	22	27	32	37	42	47	52	57	62	67	72	77	82	87	92	97	102	107	112	117	122	127	132	137	142	147	150
CAB2922_R2	1.2011629388530458	0.013229069569665073	0.0	0.0	0.0	0.0020727574440949884	0.0	0.0	0.0	0.0	0.0008169102867903778	4.877076339047031e-05	0.0018654816996854894	0.0001097342176285582	0.0001097342176285582	0.0	7.315614508570548e-05	0.00015850498101902853	0.0002560465077999692	3.657807254285274e-05	0.00015850498101902853	0.0005120930155999384	0.0009022591227237008	0.00018289036271426369	0.0003901661071237625	0.00015850498101902853	6.09634542380879e-05	0.000463322252209468	0.00020727574440949884	0.0001097342176285582	0.00020727574440949884	0.0006462126149237317	0.0	0.0	0.0006705979966189668	0.0007315614508570547	9.754152678094063e-05	9.144518135713184e-05
	1	2	3	4	5	6	7	8	9	12	17	22	27	32	37	42	47	52	57	62	67	72	77	82	87	92	97	102	107	112	117	122	127	132	137	142	145
CAB2923_R1	0.0	0.0	0.001492966504971903	0.0	0.0	0.0	0.0	0.0	0.0007140274588996058	6.491158717269144e-05	0.0	0.0	0.0	0.0	0.0005322750148160697	5.192926973815315e-05	0.0	0.00014280549177992115	0.0	0.00011684085691084458	0.00019473476151807428	0.0	0.0	0.0	9.087622204176802e-05	9.087622204176802e-05	6.491158717269144e-05	0.00018175244408353603	1.2982317434538287e-05	0.20784690212695797	0.0	0.0	0.0011424439342393692	0.001947347615180743	0.0	0.0004413987927743018	0.07166239223865134
	1	2	3	4	5	6	7	8	9	12	17	22	27	32	37	42	47	52	57	62	67	72	77	82	87	92	97	102	107	112	117	122	127	132	137	142	147	150
CAB2923_R2	1.1841820847914097	0.013306875370401743	0.0	0.0	0.0	0.001622789679317286	0.00012982317434538288	0.0	0.0	2.5964634869076575e-05	0.0006880628240305293	2.5964634869076575e-05	0.0017006835839245157	0.00012982317434538288	0.00014280549177992115	0.0	0.00011684085691084458	0.0001038585394763063	0.00025964634869076576	2.5964634869076575e-05	0.00014280549177992115	0.0004933280625124549	0.0007919213635068355	0.00015578780921445944	0.00038946952303614855	0.00016877012664899774	9.087622204176802e-05	0.00036350488816707207	0.00023368171382168916	5.192926973815315e-05	0.00014280549177992115	0.0005063103799469932	0.0	0.0	0.0006231512368578378	0.0005322750148160697	0.00011684085691084458	0.0
	1	2	3	4	5	6	7	8	9	12	17	22	27	32	37	42	47	52	57	62	67	72	77	82	87	92	97	102	107	112	117	122	127	132	137	142	145
CAB2924_R1	0.0	0.0	0.0018585428610959484	0.0	0.0	0.0	0.0002065047623439943	0.0	0.0009636888909386398	5.506793662506513e-05	0.0	0.0	0.0	0.0	0.0004956114296255863	2.7533968312532566e-05	0.0	0.00017897079403146168	0.0	0.00011013587325013026	0.00022027174650026052	0.0	1.3766984156266283e-05	0.0	6.883492078133142e-05	0.00011013587325013026	6.883492078133142e-05	0.0002065047623439943	1.3766984156266283e-05	0.20976753758902936	0.0	0.0	0.0010875917483450363	0.0018998438135647473	0.0	0.0004543104771567874	0.06601268902929683
	1	2	3	4	5	6	7	8	9	12	17	22	27	32	37	42	47	52	57	62	67	72	77	82	87	92	97	102	107	112	117	122	127	132	137	142	147	150
CAB2924_R2	1.1947677200015694	0.013973488918610279	0.0	0.0	0.0	0.0015143682571892912	0.00013766984156266283	0.0	0.0	2.7533968312532566e-05	0.0007709511127509119	4.1300952468798853e-05	0.0017759409561583508	0.00011013587325013026	0.00016520380987519541	1.3766984156266283e-05	0.00015143682571892912	0.00016520380987519541	0.000289106667281592	2.7533968312532566e-05	0.0002065047623439943	0.0004818444454693199	0.0010049898434074387	0.00017897079403146168	0.0003441746039066571	0.00016520380987519541	9.636888909386398e-05	0.0004130095246879886	0.00017897079403146168	8.260190493759771e-05	0.00012390285740639657	0.0004543104771567874	0.0	0.0	0.0005506793662506513	0.0005369123820943851	0.00011013587325013026	3.441746039066571e-05
	1	2	3	4	5	6	7	8	9	12	17	22	27	32	37	42	47	52	57	62	67	72	77	82	87	92	97	102	107	112	117	122	127	132	137	142	145
CAB2925_R1	0.0	0.0	0.0017083387430726863	0.0	0.0	0.0	6.833354972290745e-05	0.0	0.0007516690469519821	2.733341988916298e-05	0.0	0.0	0.0	0.0	0.0003963345883928632	4.100012983374447e-05	0.0	0.00020500064916872238	0.0	0.0001230003895012334	0.00016400051933497788	0.0	0.0	0.0	5.466683977832596e-05	6.833354972290745e-05	5.466683977832596e-05	0.00017766722927955937	0.0	0.2049869824587778	0.0	0.0	0.0009293362762315414	0.0017630055828510125	0.0	0.0003963345883928632	0.0700760552408416
	1	2	3	4	5	6	7	8	9	12	17	22	27	32	37	42	47	52	57	62	67	72	77	82	87	92	97	102	107	112	117	122	127	132	137	142	147	150
CAB2925_R2	1.196110454349772	0.013530042845135676	0.0	0.0	0.0	0.0009566696961207044	0.0	0.0	0.0	0.0	0.000724335627062819	4.100012983374447e-05	0.0015716716436268716	9.566696961207043e-05	0.0001366670994458149	0.0	0.0001503338093903964	9.566696961207043e-05	0.00031433432872537433	1.366670994458149e-05	0.0001230003895012334	0.0003690011685037003	0.0007790024668411449	0.00017766722927955937	0.0003963345883928632	0.0002460007790024668	0.0001366670994458149	0.00035533445855911875	0.00020500064916872238	8.200025966748894e-05	0.00016400051933497788	0.0005603351077278411	0.0	0.0	0.0005603351077278411	0.0005466683977832596	9.566696961207043e-05	3.4166774861453726e-05
	1	2	3	4	5	6	7	8	9	12	17	22	27	32	37	42	47	52	57	62	67	72	77	82	87	92	97	102	107	112	117	122	127	132	137	142	145
CAB2927_R1	0.0	0.0	0.001717359296752817	0.0	0.0	0.0	5.7245309891760566e-05	0.0	0.0006869437187011268	0.0	0.0	0.0	0.0	0.0	0.0003892681072639718	2.2898123956704225e-05	0.0	0.00030912467341550704	0.0	0.00010304155780516903	0.00021753217758869016	0.0	0.0	0.0	0.00014883780571857747	0.00012593968176187326	8.014343384846478e-05	0.00027477748748045073	2.2898123956704225e-05	0.20935754733614675	0.0	0.0	0.0008815777723331128	0.0018547480404930423	0.0	0.0006296984088093662	0.0673491070876563
	1	2	3	4	5	6	7	8	9	12	17	22	27	32	37	42	47	52	57	62	67	72	77	82	87	92	97	102	107	112	117	122	127	132	137	142	147	150
CAB2927_R2	1.1798258368691854	0.013338157204780213	0.0	0.0	0.0	0.0012021515077269718	0.0001717359296752817	0.0	0.0	4.579624791340845e-05	0.0008357815244197043	4.579624791340845e-05	0.0018432989785146902	0.00011449061978352113	0.00022898123956704227	2.2898123956704225e-05	0.0001946340536319859	0.0001717359296752817	0.0003663699833072676	4.579624791340845e-05	0.00021753217758869016	0.0003434718593505634	0.0010418646400300424	0.00022898123956704227	0.000606800284852662	0.0002633284255020986	0.0001946340536319859	0.0004350643551773803	0.0003549209213289155	0.00013738874374022536	0.00013738874374022536	0.0005953512228743099	0.0	0.0	0.0006754946567227747	0.000503758727047493	0.00011449061978352113	0.00014311327472940142
	1	2	3	4	5	6	7	8	9	12	17	22	27	32	37	42	47	52	57	62	67	72	77	82	87	92	97	102	107	112	117	122	127	132	137	142	145
CAB2931_R1	0.0	0.0	0.0018816634406592344	0.0	0.0	0.0	0.00018816634406592346	0.0	0.0006899432615750527	7.526653762636939e-05	0.0	0.0	0.0	0.0	0.0004641436486959445	0.0	0.0	0.0002508884587545646	0.0	0.00015053307525273878	0.00020071076700365167	0.0	0.0	0.0	7.526653762636939e-05	8.781096056409761e-05	6.272211468864115e-05	0.00022579961287910814	0.0	0.20477516003547563	0.0	0.0	0.001141542487333269	0.0017938524800951371	0.0	0.0004766880716336728	0.07187954343318276
	1	2	3	4	5	6	7	8	9	12	17	22	27	32	37	42	47	52	57	62	67	72	77	82	87	92	97	102	107	112	117	122	127	132	137	142	147	150
CAB2931_R2	1.18488346858312	0.012669867167105513	0.0	0.0	0.0	0.0015053307525273877	0.0	0.0	0.0	2.508884587545646e-05	0.0007652097992014221	5.017769175091292e-05	0.0017436747883442238	0.00010035538350182583	0.00011289980643955407	0.0	0.00016307749819046699	0.00015053307525273878	0.0002885217275677493	1.254442293772823e-05	0.00018816634406592346	0.0004641436486959445	0.0009031984515164326	0.0002132551899413799	0.000489232494571401	0.0002508884587545646	0.00013798865231501054	0.00041396595694503165	0.00030106615050547755	0.00011289980643955407	0.00020071076700365167	0.0005644990321977703	0.0	0.0	0.0006021323010109551	0.000539410186322314	6.272211468864115e-05	3.1361057344320576e-05
	1	2	3	4	5	6	7	8	9	12	17	22	27	32	37	42	47	52	57	62	67	72	77	82	87	92	97	102	107	112	117	122	127	132	137	142	145
ESM2880_R1	0.0	0.0	0.0018827887999830878	0.0	0.0	0.0	3.303138245584365e-05	0.0	0.0007597217964844039	3.303138245584365e-05	0.0	0.0	0.0	0.0	0.0003633452070142801	2.6425105964674916e-05	0.0	0.00025103850666441174	0.0	0.00013873180631454333	0.00019158201824389317	0.0	0.0	0.0	9.24878708763622e-05	0.00012551925333220587	8.588159438519349e-05	0.00027746361262908666	0.0	0.20618849556586724	0.0	0.0	0.00119573604490154	0.0016713879522656885	0.0	0.0006011711606963544	0.07263601002040018
	1	2	3	4	5	6	7	8	9	12	17	22	27	32	37	42	47	52	57	62	67	72	77	82	87	92	97	102	107	112	117	122	127	132	137	142	147	150
ESM2880_R2	1.1878085131121376	0.01241979980339721	0.0	0.0	0.0	0.001981882947350619	9.909414736753094e-05	0.0	0.0	3.303138245584365e-05	0.0006936590315727167	4.62439354381811e-05	0.0017176318877038697	6.60627649116873e-05	0.00019158201824389317	6.606276491168729e-06	0.00017836946526155568	0.0001519443592968808	0.00038316403648778634	3.303138245584365e-05	0.00020479457122623063	0.00039637658947012374	0.0010305791326223218	0.000244432230173243	0.00048225818385531726	0.00028406988912025536	0.00014533808280571206	0.00042280169543479866	0.0002906761656114241	0.00011891297684103714	0.00013873180631454333	0.0005549272252581733	0.0	0.0	0.0004954707368376547	0.000488864460346486	9.24878708763622e-05	6.60627649116873e-05
	1	2	3	4	5	6	7	8	9	12	17	22	27	32	37	42	47	52	57	62	67	72	77	82	87	92	97	102	107	112	117	122	127	132	137	142	145
ESM2882_R1	0.0	0.0	0.001713660797016396	0.0	0.0	0.0	7.240820269083363e-05	0.0	0.0005309934863994467	1.930885405088897e-05	0.0	0.0	0.0	0.0	0.0003668682269668904	5.309934863994466e-05	0.0	0.00024136067563611211	0.0	0.00010137148376716707	0.00022687903509794536	0.0	0.0	0.0	8.688984322900035e-05	0.00011102591079261158	7.240820269083363e-05	0.0002172246080725009	4.827213512722242e-06	0.20687988951473713	0.0	0.0	0.0010088876241589485	0.0016219437402746732	0.0	0.00048754856478494643	0.06744824080651152
	1	2	3	4	5	6	7	8	9	12	17	22	27	32	37	42	47	52	57	62	67	72	77	82	87	92	97	102	107	112	117	122	127	132	137	142	147	150
ESM2882_R2	1.196786910141662	0.011850809173733105	0.0	0.0	2.413606756361121e-05	0.0013998919186894501	0.00014481640538166726	0.0	0.0	4.3444921614500176e-05	0.0006468466107047804	3.379049458905569e-05	0.0016315981673001177	0.00015447083240711175	0.00019308854050888969	1.4481640538166725e-05	0.0001737796864580007	0.00011102591079261158	0.000299287237788779	9.654427025444484e-06	0.0001737796864580007	0.0003910042945305016	0.0009413066349808372	0.0002172246080725009	0.0005068574188358355	0.00022205182158522316	0.00016895247294527847	0.000458585283708613	0.00028480559725061226	8.20626297162781e-05	0.00010137148376716707	0.0005165118458612799	0.0	0.0	0.0006130561161157247	0.0004489308566831685	0.00016895247294527847	0.00010861230403625045
	1	2	3	4	5	6	7	8	9	12	17	22	27	32	37	42	47	52	57	62	67	72	77	82	87	92	97	102	107	112	117	122	127	132	137	142	145
ESM2883_R1	0.0	0.0	0.0017574286345658225	0.0	0.0	0.0	9.763492414254569e-05	0.0	0.0007159894437120017	4.556296459985465e-05	0.0	0.0	0.0	0.0	0.0003970486915130191	2.6035979771345514e-05	0.0	0.00025385080277061877	0.0	0.00014319788874240036	0.00020177884322792778	0.0	6.5089949428363785e-06	0.0	6.50899494283638e-05	0.00011716190897105482	5.858095448552741e-05	0.0002603597977134552	1.3017989885672757e-05	0.20791031646407965	0.0	0.0	0.0011911460745390573	0.0016532847154804402	0.0	0.0005597735650839286	0.07039478030677544
	1	2	3	4	5	6	7	8	9	12	17	22	27	32	37	42	47	52	57	62	67	72	77	82	87	92	97	102	107	112	117	122	127	132	137	142	147	150
ESM2883_R2	1.1844092647732218	0.011683645922391302	0.0	0.0	3.25449747141819e-05	0.0012692540138530938	0.0	0.0	0.0	2.6035979771345514e-05	0.0007159894437120017	3.9053969657018274e-05	0.0016728117003089495	9.11259291997093e-05	0.00017574286345658225	0.0	0.00017574286345658225	0.0001236709039138912	0.00033195874208465537	1.9526984828509137e-05	0.00020177884322792778	0.0003970486915130191	0.0009438042667112749	0.00023432381794210965	0.00047515663082705565	0.0002473418078277824	0.0001497068836852367	0.0004556296459985465	0.00029290477242763707	9.11259291997093e-05	0.00014319788874240036	0.0005727915549696014	0.0	0.0	0.0005532645701410922	0.0005467555751982558	0.00013668889379956395	3.25449747141819e-05
	1	2	3	4	5	6	7	8	9	12	17	22	27	32	37	42	47	52	57	62	67	72	77	82	87	92	97	102	107	112	117	122	127	132	137	142	145
ESM2886_R1	0.0	0.0	0.002135844859064141	0.0	0.0	0.0	0.00017086758872513128	0.0	0.00042716897181282825	3.4173517745026254e-05	0.0	0.0	0.0	0.0	0.00035027855688651914	1.7086758872513127e-05	0.0	0.0002819315213964666	0.0	0.00011106393267133534	0.00017086758872513128	0.0	0.0	0.0	9.39771737988222e-05	7.689041492630908e-05	5.126027661753939e-05	0.0002392146242151838	0.0	0.20502401971128503	0.0	0.0	0.001196073121075919	0.0016146987134524906	0.0	0.0005894931811017029	0.07351578004898773
	1	2	3	4	5	6	7	8	9	12	17	22	27	32	37	42	47	52	57	62	67	72	77	82	87	92	97	102	107	112	117	122	127	132	137	142	147	150
ESM2886_R2	1.20077197976586	0.011704429827671493	0.0	0.0	0.0	0.0017513927844325958	8.543379436256564e-05	0.0	0.0	2.5630138308769694e-05	0.000666383596028012	8.543379436256563e-06	0.001648872231197517	0.00010252055323507878	0.00017086758872513128	8.543379436256563e-06	0.00021358448590641412	0.00017941096816138786	0.00039299545406780195	8.543379436256563e-06	0.0001623242092888747	0.00040153883350405853	0.0010337489117870442	0.00025630138308769694	0.0005553196633566767	0.0002904749008327232	0.00017086758872513128	0.00042716897181282825	0.0003161050391414929	5.126027661753939e-05	8.543379436256564e-05	0.0004955160073028807	0.0	0.0	0.0004527991101215979	0.00046988586899411106	6.834703549005251e-05	4.271689718128282e-05
	1	2	3	4	5	6	7	8	9	12	17	22	27	32	37	42	47	52	57	62	67	72	77	82	87	92	97	102	107	112	117	122	127	132	137	142	145
ESM2887_R1	0.0	0.0	0.0019448290884197098	0.0	0.0	0.0	3.536052888035836e-05	0.0	0.0005304079332053754	8.486526931286007e-05	0.0	0.0	0.0	0.0	0.00039603792346001366	2.1216317328215017e-05	0.0	0.0002475237021625085	0.0	0.00013437000974536177	0.00015558632707357678	0.0	0.0	0.0	7.072105776071672e-05	8.486526931286007e-05	4.243263465643003e-05	0.0002333794906103652	7.072105776071671e-06	0.20547296121798636	0.0	0.0	0.0012517627223646859	0.0018246032902264912	0.0	0.0005021195101010887	0.07524720545740259
	1	2	3	4	5	6	7	8	9	12	17	22	27	32	37	42	47	52	57	62	67	72	77	82	87	92	97	102	107	112	117	122	127	132	137	142	147	150
ESM2887_R2	1.188325933553323	0.012765150925809368	0.0	0.0	0.0	0.0019448290884197098	3.536052888035836e-05	0.0	0.0	1.4144211552143342e-05	0.0006223453082943071	2.8288423104286684e-05	0.0016195122227204127	6.364895198464504e-05	0.00016973053862572013	1.4144211552143342e-05	0.0001768026444017918	0.00014144211552143343	0.0003041005483710819	0.0	0.0001768026444017918	0.0003253168656992969	0.0009193737508893172	0.00021923527905822184	0.000431398452340372	0.0002333794906103652	0.0001485142212975051	0.0004384705581164437	0.00022630738483429347	6.364895198464504e-05	0.00011315369241714674	0.0004879752985489453	0.0	0.0	0.00045261476966858695	0.0005374800389814471	8.486526931286007e-05	5.304079332053753e-05
	1	2	3	4	5	6	7	8	9	12	17	22	27	32	37	42	47	52	57	62	67	72	77	82	87	92	97	102	107	112	117	122	127	132	137	142	145
ESM2888_R1	0.0	0.0	0.0017955795998920538	0.0	0.0	0.0	0.0	0.0	0.0005809228117297821	4.224893176216597e-05	0.0	0.0	0.0	0.0	0.0004119270846811182	4.224893176216597e-05	0.0	0.00033799145409732777	0.0	8.449786352433194e-05	0.00015843349410812242	0.0	0.0	0.0	0.0001267467952864979	8.449786352433194e-05	8.449786352433194e-05	0.0002957425223351618	0.0	0.20806542669572686	0.0	0.0	0.0011618456234595642	0.001858952997535303	0.0	0.0005703605787892407	0.07029166021930365
	1	2	3	4	5	6	7	8	9	12	17	22	27	32	37	42	47	52	57	62	67	72	77	82	87	92	97	102	107	112	117	122	127	132	137	142	147	150
ESM2888_R2	1.2003977736925409	0.0127274906933525	0.0	0.0	0.0	0.0015843349410812242	0.00010562232940541495	0.0	0.0	2.1124465881082986e-05	0.0007182318399568216	3.168669882162448e-05	0.0019751375598812595	0.00010562232940541495	0.00023236912469191287	0.0	0.00023236912469191287	0.00015843349410812242	0.00039080261880003524	3.168669882162448e-05	0.00027461805645407884	0.0003802403858594938	0.0010879099928757738	0.0002957425223351618	0.0005703605787892407	0.00031686698821624485	0.0002112446588108299	0.0006231717434919482	0.0003274292211567863	9.506009646487344e-05	0.00010562232940541495	0.0006020472776108652	0.0	0.0	0.0007710430046595292	0.0005386738799676162	0.00011618456234595643	5.281116470270747e-05
	1	2	3	4	5	6	7	8	9	12	17	22	27	32	37	42	47	52	57	62	67	72	77	82	87	92	97	102	107	112	117	122	127	132	137	142	145
ESM2893_R1	0.0	0.0	0.0016703832694411735	0.0	0.0	0.0	0.0	0.0	0.0005567944231470578	4.175958173602933e-05	0.0	0.0	0.0	0.0	0.0004036759567816168	2.7839721157352885e-05	0.0	0.0002783972115735289	0.0	9.047909376139688e-05	0.00017399825723345556	0.0	0.0	0.0	8.351916347205865e-05	9.047909376139688e-05	6.2639372604044e-05	0.00023663762983749956	6.959930289338221e-06	0.20632713342743159	0.0	0.0	0.0012110278703448506	0.001691263060309188	0.0	0.0004732752596749991	0.07262687256924436
	1	2	3	4	5	6	7	8	9	12	17	22	27	32	37	42	47	52	57	62	67	72	77	82	87	92	97	102	107	112	117	122	127	132	137	142	147	150
ESM2893_R2	1.1975952048864278	0.012458275217915418	0.0	0.0	3.479965144669111e-05	0.0015659843151010998	0.00013919860578676444	0.0	0.0	3.479965144669111e-05	0.0007029529592231604	5.567944231470577e-05	0.001726062711755879	0.00010439895434007334	0.00018095818752279376	1.3919860578676442e-05	0.00018095818752279376	0.000125278745208088	0.00034103658417757287	2.0879790868014664e-05	0.0002018379783908084	0.00037583623562426397	0.0008908710770352923	0.00024359756012683778	0.0004941550505430137	0.00026447735099485243	0.00017399825723345556	0.000501114980832352	0.0003271167235988964	6.959930289338222e-05	0.000125278745208088	0.0005637543534363959	0.0	0.0	0.0005637543534363959	0.0005359146322790431	0.00011135888462941154	0.00010439895434007334
	1	2	3	4	5	6	7	8	9	12	17	22	27	32	37	42	47	52	57	62	67	72	77	82	87	92	97	102	107	112	117	122	127	132	137	142	145
ESM2895_R1	0.0	0.0	0.001797325579537648	0.0	0.0	0.0	0.00011982170530250985	0.0	0.0005591679580783794	7.988113686833991e-05	0.0	0.0	0.0	0.0	0.0004633105938363715	2.3964341060501973e-05	0.0	0.00024763152429185375	0.0	0.00012780981898934384	0.00023165529691818575	0.0	0.0	0.0	0.00010384547792884188	0.00011183359161567587	8.786925055517391e-05	0.0002396434106050197	7.98811368683399e-06	0.206764334670011	0.0	0.0	0.0012141932803987666	0.0018053136932244822	0.0	0.0005032511622705414	0.0739299921716486
	1	2	3	4	5	6	7	8	9	12	17	22	27	32	37	42	47	52	57	62	67	72	77	82	87	92	97	102	107	112	117	122	127	132	137	142	147	150
ESM2895_R2	1.180203856661288	0.012581279056763536	0.0	0.0	0.0	0.0019970284217084976	0.00015976227373667981	0.0	0.0	5.5916795807837934e-05	0.0007668589139360632	7.98811368683399e-06	0.0015816465099931301	0.00011982170530250985	0.0001837266147971818	1.597622737366798e-05	0.0001917147284840158	0.00011982170530250985	0.00033550077484702766	3.195245474733596e-05	0.0001997028421708498	0.0004393462527758695	0.000854728164491237	0.00027159586535235565	0.0005431917307047113	0.0002795839790391897	0.00017573850111034781	0.0004633105938363715	0.0003434888885338616	6.390490949467192e-05	0.00012780981898934384	0.0006070966401993833	0.0	0.0	0.0005352036170178774	0.0005991085265125494	0.00012780981898934384	9.98514210854249e-05
	1	2	3	4	5	6	7	8	9	12	17	22	27	32	37	42	47	52	57	62	67	72	77	82	87	92	97	102	107	112	117	122	127	132	137	142	145
ESM2896_R1	0.0	0.0	0.0018412524725390344	0.0	0.0	0.0	0.0	0.0	0.0006575901687639409	3.507147566741018e-05	0.0	0.0	0.0	0.0	0.000499768528260595	8.767868916852545e-06	0.0	0.00022796459183816616	0.0	0.00014905377158649328	0.00025426819858872385	0.0	0.0	0.0	4.3839344584262726e-05	0.00011398229591908308	8.767868916852545e-05	0.00023673246075501874	1.753573783370509e-05	0.20776342185373792	0.0	0.0	0.0011924301726919462	0.0017886452590379193	0.0	0.0006225186930965308	0.0752063956343027
	1	2	3	4	5	6	7	8	9	12	17	22	27	32	37	42	47	52	57	62	67	72	77	82	87	92	97	102	107	112	117	122	127	132	137	142	147	150
ESM2896_R2	1.2041352776959442	0.014160108300716862	0.0	0.0	4.3839344584262726e-05	0.00144669837128067	0.00013151803375278817	0.0	0.0	2.6303606750557636e-05	0.000789108202516729	6.137508241796782e-05	0.0017185023077030991	0.00014028590266964072	0.00013151803375278817	0.0	0.00014905377158649328	0.00012275016483593565	0.0003156432810066916	2.6303606750557636e-05	0.0001578216405033458	0.0004296255769257748	0.0009556977119369274	0.00028057180533928145	0.0004734649215100375	0.00025426819858872385	0.0001753573783370509	0.00045592918367633233	0.00023673246075501874	8.767868916852545e-05	0.00014905377158649328	0.0006137508241796782	0.0	0.0	0.0006049829552628257	0.0006400544309302359	0.00014905377158649328	0.00015343770604491955
	1	2	3	4	5	6	7	8	9	12	17	22	27	32	37	42	47	52	57	62	67	72	77	82	87	92	97	102	107	112	117	122	127	132	137	142	145
ESM2897_R1	0.0	0.0	0.0012247985451352963	0.0	0.0	0.0	9.798388361082368e-05	0.0	0.0004409274762487066	2.939516508324711e-05	0.0	0.0	0.0	0.0	0.000450725864609789	1.959677672216474e-05	0.0	0.00019596776722164737	0.0	0.00018616937886056502	0.0002253629323048945	0.0	0.0	0.0	6.858871852757658e-05	7.838710688865896e-05	5.879033016649422e-05	0.00017637099049948264	9.79838836108237e-06	0.2057367604176465	0.0	0.0	0.0011562098266077196	0.0018225002351613207	0.0	0.0004605242529708713	0.06768236760417647
	1	2	3	4	5	6	7	8	9	12	17	22	27	32	37	42	47	52	57	62	67	72	77	82	87	92	97	102	107	112	117	122	127	132	137	142	147	150
ESM2897_R2	1.197657009375098	0.011464114382466372	0.0	0.0	4.899194180541184e-05	0.0014697582541623553	0.0	0.0	0.0	0.0	0.0006466936318314363	3.919355344432948e-05	0.0016167340795785908	8.818549524974132e-05	0.00013717743705515315	9.79838836108237e-06	0.00013717743705515315	9.798388361082368e-05	0.0003135484275546358	9.79838836108237e-06	0.00018616937886056502	0.0004311290878876243	0.0008426613990530837	0.0002253629323048945	0.00041153231116545954	0.0002253629323048945	0.0001567742137773179	0.00041153231116545954	0.00029395165083247106	0.00011758066033298844	0.00011758066033298844	0.0005487097482206126	0.0	0.0	0.0005193145831373655	0.0005487097482206126	0.0001273790486940708	4.899194180541184e-05
	1	2	3	4	5	6	7	8	9	12	17	22	27	32	37	42	47	52	57	62	67	72	77	82	87	92	97	102	107	112	117	122	127	132	137	142	145
MAR2971_R1	0.0	0.0	0.0021307529441678807	0.0	0.0	0.0	0.0001775627453473234	0.0	0.0007102509813892936	4.261505888335761e-05	0.0	0.0	0.0	0.0	0.0004474581182752549	2.1307529441678806e-05	0.0	0.00018466525516121633	0.0	0.00014915270609175163	0.00017046023553343045	0.0	0.0	0.0	6.392258832503642e-05	0.00010653764720839403	7.812760795282229e-05	0.00021307529441678806	1.4205019627785871e-05	0.20593016954401178	0.0	0.0	0.0011790166291062271	0.0017117048651481975	0.0	0.0004474581182752549	0.07029709088300533
	1	2	3	4	5	6	7	8	9	12	17	22	27	32	37	42	47	52	57	62	67	72	77	82	87	92	97	102	107	112	117	122	127	132	137	142	147	150
MAR2971_R2	1.173654234196738	0.011967729036409597	0.0	0.0	3.551254906946468e-05	0.0017401149044037692	3.551254906946468e-05	0.0	0.0	1.4205019627785871e-05	0.0007173534912031865	5.6820078511143484e-05	0.001541244629614767	8.523011776671523e-05	0.00013494768646396578	7.1025098138929355e-06	0.00012784517665007284	0.00011364015702228697	0.00024148533367235979	3.551254906946468e-05	0.00015625521590564457	0.0003480229808807538	0.0008451986678532593	0.0001775627453473234	0.00041904807901968315	0.00020597278460289512	0.00014915270609175163	0.0003622280005085397	0.00024148533367235979	8.523011776671523e-05	0.0001633577257195375	0.0005184832164141842	0.0	0.0	0.00046876564771693375	0.0005753032949253277	0.00010653764720839403	7.102509813892936e-05
	1	2	3	4	5	6	7	8	9	12	17	22	27	32	37	42	47	52	57	62	67	72	77	82	87	92	97	102	107	112	117	122	127	132	137	142	145
MAR2972_R1	0.0	0.0	0.0015888713524569247	0.0	0.0	0.0	9.629523348223786e-05	0.0	0.0006259190176345461	4.814761674111893e-05	0.0	0.0	0.0	0.0	0.0004236990273218466	2.888857004467136e-05	0.0	0.00023110856035737088	0.0	0.00011555428017868544	0.0001925904669644757	0.0	0.0	0.0	0.00011555428017868544	0.000134813326875133	8.666571013401408e-05	0.0002118495136609233	1.9259046696447574e-05	0.20244146934970866	0.0	0.0	0.001174801848483302	0.0019451637163412049	0.0	0.0005007352141076369	0.06969367523276966
	1	2	3	4	5	6	7	8	9	12	17	22	27	32	37	42	47	52	57	62	67	72	77	82	87	92	97	102	107	112	117	122	127	132	137	142	147	150
MAR2972_R2	1.1944942237304195	0.011651723251350781	0.0	0.0	4.814761674111893e-05	0.0016851665859391627	0.0001444428502233568	0.0	0.0	2.888857004467136e-05	0.0006836961577238889	2.888857004467136e-05	0.0015696123057604772	7.70361867857903e-05	0.00018296094361625192	1.9259046696447574e-05	0.0001444428502233568	0.00011555428017868544	0.0002792561770984898	2.888857004467136e-05	0.0001637018969198044	0.00036592188723250384	0.0008762866246883645	0.0002118495136609233	0.00044295807401829423	0.0001925904669644757	0.0001637018969198044	0.0003755514105807277	0.000269626653750266	7.70361867857903e-05	0.000134813326875133	0.0004911056907594131	0.0	0.0	0.0004525875973665179	0.0005970304475898747	7.70361867857903e-05	0.00012036904185279732
	1	2	3	4	5	6	7	8	9	12	17	22	27	32	37	42	47	52	57	62	67	72	77	82	87	92	97	102	107	112	117	122	127	132	137	142	145
MAR2973_R1	0.0	0.0	0.0024658908256358176	0.0	0.0	0.0	6.946171339819205e-05	0.0	0.0005904245638846324	5.556937071855364e-05	0.0	0.0	0.0	0.0	0.0004792858224475251	6.251554205837284e-05	0.0	0.00035425473833077946	0.0	0.0001528157694760225	0.00018754662617511853	0.0	0.0	0.0	0.00011113874143710729	0.00010419257009728808	6.946171339819205e-05	0.0002639545109131298	0.0	0.2066972205590001	0.0	0.0	0.001319772554565649	0.0016809734642362479	0.0	0.0005834783925448133	0.07236173993256657
	1	2	3	4	5	6	7	8	9	12	17	22	27	32	37	42	47	52	57	62	67	72	77	82	87	92	97	102	107	112	117	122	127	132	137	142	147	150
MAR2973_R2	1.2065152308698968	0.011565375280798975	0.0	0.0	0.0	0.0019796588318484734	6.946171339819205e-05	0.0	0.0	1.389234267963841e-05	0.0008335405607783047	2.0838514019457616e-05	0.0016740272928964285	0.0001319772554565649	0.00020838514019457617	0.0	0.0002500621682334914	0.00017365428349548013	0.00035425473833077946	1.389234267963841e-05	0.00020143896885475697	0.00041677028038915234	0.0009516254735552312	0.0002570083395733106	0.0005001243364669828	0.0002986853676122258	0.00022227748287421457	0.0005279090218262596	0.00033341622431132186	7.640788473801125e-05	0.00011113874143710729	0.0005904245638846324	0.0	0.0	0.00045150113708824835	0.0005556937071855364	0.00011808491277692649	3.4730856699096023e-05
	1	2	3	4	5	6	7	8	9	12	17	22	27	32	37	42	47	52	57	62	67	72	77	82	87	92	97	102	107	112	117	122	127	132	137	142	145
MAR2974_R1	0.0	0.0	0.002517902861596602	0.0	0.0	0.0	0.0	0.0	0.0006294757153991505	0.0	0.0	0.0	0.0	0.0	0.0004234654812685195	6.867007804354369e-05	0.0	0.00033190537721046123	0.0	8.011509105080097e-05	0.00021745524713788838	0.0	0.0	0.0	9.156010405805826e-05	9.156010405805826e-05	2.2890026014514564e-05	0.0002632352991669175	0.0	0.2043507072445788	0.0	0.0	0.0014077365998926457	0.0018426470941684226	0.0	0.0005608056373556068	0.07416368428702719
	1	2	3	4	5	6	7	8	9	12	17	22	27	32	37	42	47	52	57	62	67	72	77	82	87	92	97	102	107	112	117	122	127	132	137	142	147	150
MAR2974_R2	1.1877062248281245	0.012761189503091871	0.0	0.0	0.0	0.00223177753641517	0.00017167519510885923	0.0	0.0	4.578005202902913e-05	0.0007668158714862379	3.4335039021771846e-05	0.0016023018210160195	0.00013734015608708738	0.00024034527315240292	1.1445013007257282e-05	0.00022890026014514567	0.00011445013007257283	0.00038913044224674764	0.0	0.0001831202081161165	0.00033190537721046123	0.0009041560275733254	0.0002632352991669175	0.0005493606243483495	0.00030901535119594667	0.0001831202081161165	0.0005379156113410924	0.0003204603642032039	6.867007804354369e-05	0.00012589514307983013	0.0006294757153991505	0.0	0.0	0.00048069054630480584	0.0005150255853265777	0.00013734015608708738	8.583759755442961e-05
	1	2	3	4	5	6	7	8	9	12	17	22	27	32	37	42	47	52	57	62	67	72	77	82	87	92	97	102	107	112	117	122	127	132	137	142	145
MAR2975_R1	0.0	0.0	0.0022984531155148904	0.0	0.0	0.0	2.5538367950165452e-05	0.0	0.0006129208308039707	4.086138872026472e-05	0.0	0.0	0.0	0.0	0.00042393690797274644	3.064604154019854e-05	0.0	0.00025538367950165447	0.0	0.00014301486052092653	0.00021962996437142288	0.0	0.0	0.0	9.193812462059562e-05	0.00011747649257076107	9.193812462059562e-05	0.0002502760059116214	5.10767359003309e-06	0.20741240914406373	0.0	0.0	0.0012922414182783718	0.0016855322847109198	0.0	0.0005516287477235737	0.07444434257473229
	1	2	3	4	5	6	7	8	9	12	17	22	27	32	37	42	47	52	57	62	67	72	77	82	87	92	97	102	107	112	117	122	127	132	137	142	147	150
MAR2975_R2	1.2093438759121347	0.012105186408378424	0.0	0.0	0.0	0.001864300860362078	0.00010215347180066181	0.0	0.0	4.596906231029781e-05	0.0007252896497846988	4.086138872026472e-05	0.0016651015903507873	6.639975667043017e-05	0.00016344555488105887	0.0	0.00018387624924119124	0.00013279951334086034	0.00032689110976211774	1.532302077009927e-05	0.0002094146171913567	0.0003626448248923494	0.0009551349613361878	0.00024006065873155523	0.0004443676023328788	0.00024006065873155523	0.00016344555488105887	0.00037286017207241554	0.0002911373946318861	8.172277744052944e-05	0.0001481225341109596	0.000515875032593342	0.0	0.0	0.0004903366646431766	0.000515875032593342	7.150743026046326e-05	3.830755192524817e-05
	1	2	3	4	5	6	7	8	9	12	17	22	27	32	37	42	47	52	57	62	67	72	77	82	87	92	97	102	107	112	117	122	127	132	137	142	145
MAR2977_R1	0.0	0.0	0.0021046589495838514	0.0	0.0	0.0	6.377754392678338e-05	0.0	0.0010842182467553174	1.2755508785356676e-05	0.0	0.0	0.0	0.0	0.0004974648426289103	2.551101757071335e-05	0.0	0.00029337670206320356	0.0	0.0001658216142096368	0.0002040881405657068	0.0	0.0	0.0	8.928856149749674e-05	0.0001530661054242801	0.0001020440702828534	0.00034439873720463023	1.2755508785356676e-05	0.2077744826046749	0.0	0.0	0.0013138174048917374	0.002015370388086355	0.0	0.0005102203514142671	0.07283395516438662
	1	2	3	4	5	6	7	8	9	12	17	22	27	32	37	42	47	52	57	62	67	72	77	82	87	92	97	102	107	112	117	122	127	132	137	142	147	150
MAR2977_R2	1.2064160209190344	0.012946841417137025	0.0	0.0	6.377754392678338e-05	0.0022322140374374183	0.00012755508785356677	0.0	0.0	3.8266526356070027e-05	0.0008035970534774706	5.10220351414267e-05	0.0017219936860231513	5.10220351414267e-05	0.00014031059663892342	1.2755508785356676e-05	0.00024235466692177683	0.00014031059663892342	0.0003826652635607003	1.2755508785356676e-05	0.00021684364935106352	0.00042093178991677027	0.0008418635798335405	0.00029337670206320356	0.000471953825058197	0.0003061322108485602	0.00019133263178035015	0.0004974648426289103	0.00034439873720463023	6.377754392678338e-05	0.0001658216142096368	0.0006760419656239038	0.0	0.0	0.0005357313689849804	0.0006250199304824771	7.653305271214005e-05	6.377754392678338e-05
	1	2	3	4	5	6	7	8	9	12	17	22	27	32	37	42	47	52	57	62	67	72	77	82	87	92	97	102	107	112	117	122	127	132	137	142	145
MAR2979_R1	0.0	0.0	0.0017653525925153395	0.0	0.0	0.0	2.7159270654082146e-05	0.0	0.0007061410370061359	4.3454833046531436e-05	0.0	0.0	0.0	0.0	0.00042368462220368144	2.1727416523265718e-05	0.0	0.0002770245606716379	0.0	0.00010320522848551217	0.00016295562392449288	0.0	0.0	0.0	9.777337435469572e-05	8.690966609306287e-05	4.888668717734786e-05	0.0002770245606716379	1.0863708261632859e-05	0.20691561940519027	0.0	0.0	0.001037484138985938	0.0018305348420851366	0.0	0.0005757765378665415	0.06758584502268342
	1	2	3	4	5	6	7	8	9	12	17	22	27	32	37	42	47	52	57	62	67	72	77	82	87	92	97	102	107	112	117	122	127	132	137	142	147	150
MAR2979_R2	1.1904994698510367	0.011841442005179816	0.0	0.0	2.7159270654082146e-05	0.0013579635327041074	2.7159270654082146e-05	0.0	0.0	2.7159270654082146e-05	0.0007876188489683823	5.431854130816429e-05	0.0017381933218612573	0.00010320522848551217	0.0001683874780553093	0.0	0.0001792511863169422	0.00015752376979367644	0.0003693660808955172	2.7159270654082146e-05	0.00022813787349429003	0.00036393422676470077	0.000999461160070223	0.0002444334358867393	0.0005323217048200101	0.00028788826893327076	0.0001792511863169422	0.0004399801845961307	0.00033134310197980215	0.00010320522848551217	0.00013579635327041074	0.0006029358085206237	0.0	0.0	0.0004888668717734786	0.0005703446837357251	0.00010863708261632858	5.431854130816429e-05
	1	2	3	4	5	6	7	8	9	12	17	22	27	32	37	42	47	52	57	62	67	72	77	82	87	92	97	102	107	112	117	122	127	132	137	142	145
MAR2980_R1	0.0	0.0	0.0016790601163101193	0.0	0.0	0.0	0.0	0.0	0.0004874690660255184	4.3330583646712754e-05	0.0	0.0	0.0	0.0	0.0004116405446437712	1.0832645911678188e-05	0.0	0.00017332233458685101	0.0	0.00014082439685181644	0.00019498762641020738	0.0	0.0	0.0	7.582852138174731e-05	8.666116729342551e-05	7.582852138174731e-05	0.0002491508559685983	2.1665291823356377e-05	0.20437953041563237	0.0	0.0	0.0010615992993444625	0.0015382357194583026	0.0	0.00046580377420216205	0.06957266836775317
	1	2	3	4	5	6	7	8	9	12	17	22	27	32	37	42	47	52	57	62	67	72	77	82	87	92	97	102	107	112	117	122	127	132	137	142	147	150
MAR2980_R2	1.1907786018412247	0.012132563421079571	0.0	0.0	0.0	0.0015707336571933372	5.416322955839094e-05	0.0	0.0	2.1665291823356377e-05	0.0006716240465240476	4.3330583646712754e-05	0.0015057377817232682	0.00010832645911678188	0.00014082439685181644	0.0	0.00015165704276349462	0.00011915910502846007	0.00029248143961531104	4.3330583646712754e-05	0.0002058202723218856	0.00038997525282041476	0.0008232810892875423	0.0002058202723218856	0.00045497112829048385	0.00019498762641020738	0.00017332233458685101	0.00038997525282041476	0.00023831821005692013	9.749381320510369e-05	0.00012999175094013826	0.0004874690660255184	0.0	0.0	0.0005091343578488748	0.0005307996496722313	7.582852138174731e-05	8.124484433758642e-05
	1	2	3	4	5	6	7	8	9	12	17	22	27	32	37	42	47	52	57	62	67	72	77	82	87	92	97	102	107	112	117	122	127	132	137	142	145
MAR2981_R1	0.0	0.0	0.0016877880447643586	0.0	0.0	0.0	0.0	0.0	0.0005977582658540436	2.812980074607264e-05	0.0	0.0	0.0	0.0	0.0004078821108180533	2.812980074607264e-05	0.0	0.0002672331070876901	0.0	0.00010548675279777241	0.00019690860522250848	0.0	0.0	0.0	9.142185242473608e-05	7.03245018651816e-05	4.219470111910896e-05	0.0002742655572742082	1.406490037303632e-05	0.20402544481126486	0.0	0.0	0.0010900297789103147	0.0016455933436452495	0.0	0.0006399529669731525	0.06965641909746238
	1	2	3	4	5	6	7	8	9	12	17	22	27	32	37	42	47	52	57	62	67	72	77	82	87	92	97	102	107	112	117	122	127	132	137	142	147	150
MAR2981_R2	1.1841239624059279	0.011779354062417919	0.0	0.0	3.51622509325908e-05	0.0013010032845058596	0.00010548675279777241	0.0	0.0	2.812980074607264e-05	0.0007735695205169977	4.922715130562712e-05	0.0016526257938317675	0.00010548675279777241	0.00014768145391688136	0.0	0.00018284370484947216	0.0001406490037303632	0.00042194701119108966	2.109735055955448e-05	0.00019690860522250848	0.00040084966063153515	0.0009423483249934334	0.00023207085615509928	0.000569628465107971	0.0002742655572742082	0.00018284370484947216	0.0004430443617506441	0.00032349270857983536	0.00011251920298429056	0.00013361655354384504	0.0005625960149214528	0.0	0.0	0.0004993039632427894	0.0005485311145484164	9.142185242473608e-05	5.274337639888621e-05
	1	2	3	4	5	6	7	8	9	12	17	22	27	32	37	42	47	52	57	62	67	72	77	82	87	92	97	102	107	112	117	122	127	132	137	142	145
MAR2990_R1	0.0	0.0	0.002074566353037541	0.0	0.0	0.0	7.153677079439795e-05	0.0	0.0005722941663551836	1.430735415887959e-05	0.0	0.0	0.0	0.0	0.0004220669476869479	1.430735415887959e-05	0.0	0.0002933007602570316	0.0	0.0001430735415887959	0.00017884192698599489	0.0	0.0	0.0	0.00010015147911215713	0.00011445883327103672	8.584412495327756e-05	0.00022176398946263366	0.0	0.20684141907492226	0.0	0.0	0.0013520449680141213	0.0018384950094160275	0.0	0.000557986812196304	0.0734324952204495
	1	2	3	4	5	6	7	8	9	12	17	22	27	32	37	42	47	52	57	62	67	72	77	82	87	92	97	102	107	112	117	122	127	132	137	142	147	150
MAR2990_R2	1.2073976174678487	0.011910872337267259	0.0	0.0	0.0	0.0020387979676403417	7.153677079439795e-05	0.0	0.0	2.146103123831939e-05	0.0007296750621028591	2.861470831775918e-05	0.001673960436588912	8.584412495327756e-05	0.0001502272186682357	0.0	0.00020745663530375406	0.00012161251035047652	0.0003290691456542306	2.146103123831939e-05	0.00020030295822431426	0.000386298562289749	0.0009514390515654928	0.00024322502070095304	0.0005079110726402254	0.000278993406098152	0.00020745663530375406	0.00045068165600470713	0.0003290691456542306	0.00010015147911215713	0.0001716882499065551	0.0006223699059112621	0.0	0.0	0.0004578353330841469	0.0006080625517523826	5.722941663551836e-05	5.365257809579846e-05
	1	2	3	4	5	6	7	8	9	12	17	22	27	32	37	42	47	52	57	62	67	72	77	82	87	92	97	102	107	112	117	122	127	132	137	142	145
SOR3003_R1	0.0	0.0	0.0019877486806924153	0.0	0.0	0.0	2.4240837569419696e-05	0.0	0.0006787434519437515	4.363350762495546e-05	0.0	0.0	0.0	0.0	0.0005284502590133495	5.332984265272334e-05	0.0	0.0002811937158052685	0.0	0.00016968586298593788	0.00021331937061089336	0.0	0.0	0.0	7.27225127082591e-05	7.757068022214303e-05	6.302617768049121e-05	0.0002569528782358488	4.84816751388394e-06	0.20714280519820522	0.0	0.0	0.0011732565383599134	0.001992596848206299	0.0	0.000562387431610537	0.07269827187068968
	1	2	3	4	5	6	7	8	9	12	17	22	27	32	37	42	47	52	57	62	67	72	77	82	87	92	97	102	107	112	117	122	127	132	137	142	147	150
SOR3003_R2	1.188770674404342	0.013090052287486638	0.0	0.0	2.4240837569419696e-05	0.0019150261679841561	4.848167513883939e-05	0.0	0.0	1.4544502541651818e-05	0.0008532774824435734	3.878534011107152e-05	0.0018132146501925936	0.00012605235536098243	0.0002084712030970094	9.69633502776788e-06	0.0001842303655275897	0.0001357486903887503	0.0003345235584579918	1.4544502541651818e-05	0.00022301570563866124	0.0004411832437634385	0.0009696335027767879	0.0002327120406664291	0.0005236020914994655	0.00026664921326361666	0.00015998952795817002	0.0004751204163606261	0.00026664921326361666	9.211518276379486e-05	0.00014059685790263426	0.0006448062793465639	0.0	0.0	0.0005139057564716976	0.0006205654417771443	0.00014059685790263426	4.848167513883939e-05
	1	2	3	4	5	6	7	8	9	12	17	22	27	32	37	42	47	52	57	62	67	72	77	82	87	92	97	102	107	112	117	122	127	132	137	142	145
SOR3005_R1	0.0	0.0	0.0017159035662195783	0.0	0.0	0.0	0.00012710396786811692	0.0	0.0008579517831097892	5.084158714724677e-05	0.0	0.0	0.0	0.0	0.0005211262682592794	1.2710396786811693e-05	0.0	0.000247852737342828	0.0	0.00015252476144174033	0.00020972154698239293	0.0	6.355198393405847e-06	0.0	0.00010168317429449355	0.00013345916626152278	8.897277750768184e-05	0.00026691833252304555	1.906559518021754e-05	0.2058830071527758	0.0	0.0	0.0010168317429449353	0.0018684283276613188	0.0	0.0005274814666526852	0.06995484631541485
	1	2	3	4	5	6	7	8	9	12	17	22	27	32	37	42	47	52	57	62	67	72	77	82	87	92	97	102	107	112	117	122	127	132	137	142	147	150
SOR3005_R2	1.1994801447714194	0.013218812658284161	0.0	0.0	6.355198393405846e-05	0.0011757117027800816	3.177599196702923e-05	0.0	0.0	1.2710396786811693e-05	0.0008833725766834126	8.897277750768184e-05	0.0017222587646129842	8.897277750768184e-05	0.0002033663485889871	6.355198393405847e-06	0.00017159035662195785	0.00015887995983514616	0.0003622463084241332	5.084158714724677e-05	0.00025420793573623383	0.0004257982923581917	0.0008643069815031951	0.00030504952288348065	0.0004893502762922501	0.0002732735309164514	0.00015887995983514616	0.0004766398795054384	0.00031140472127688646	0.00012074876947471107	0.00019701115019558123	0.0006418750377339904	0.0	0.0	0.0005973886489801496	0.0006355198393405846	0.00015887995983514616	0.00012710396786811692
	1	2	3	4	5	6	7	8	9	12	17	22	27	32	37	42	47	52	57	62	67	72	77	82	87	92	97	102	107	112	117	122	127	132	137	142	145
SOR3006_R1	0.0	0.0	0.002030577679608121	0.0	0.0	0.0	2.8202467772335015e-05	0.0	0.0005640493554467002	1.692148066340101e-05	0.0	0.0	0.0	0.0	0.0004173965230305582	1.692148066340101e-05	0.0	0.0001974172744063451	0.0	0.00012409085819827407	0.0001635743130795431	0.0	0.0	0.0	5.640493554467003e-05	7.896690976253804e-05	5.076444199020303e-05	0.00021997924862421313	0.0	0.2057652048669563	0.0	0.0	0.0010942557495665986	0.0016470241179043648	0.0	0.0005584088618922333	0.07059077683415454
	1	2	3	4	5	6	7	8	9	12	17	22	27	32	37	42	47	52	57	62	67	72	77	82	87	92	97	102	107	112	117	122	127	132	137	142	147	150
SOR3006_R2	1.1982946531787424	0.01226807348096573	0.0	0.0	0.0	0.001804957937429441	2.8202467772335015e-05	0.0	0.0	1.1280987108934006e-05	0.0006994212007539084	3.384296132680202e-05	0.0017147100405579688	8.460740331700504e-05	0.00012973135175274107	0.0	0.00014665283241614208	0.00010152888398040605	0.00033842961326802014	5.640493554467003e-06	0.00015229332597060908	0.0003497106003769542	0.0010040078526951266	0.0001974172744063451	0.00046816096502076123	0.00024254122284208114	0.00011280987108934006	0.0003891940552582232	0.0002143387550697461	7.896690976253804e-05	0.0001353718453072081	0.0005527683683377664	0.0	0.0	0.0005471278747832993	0.0005640493554467002	0.00010716937753487305	4.230370165850252e-05
	1	2	3	4	5	6	7	8	9	12	17	22	27	32	37	42	47	52	57	62	67	72	77	82	87	92	97	102	107	112	117	122	127	132	137	142	145
SOR3007_R1	0.0	0.0	0.0017291043990008506	0.0	0.0	0.0	0.0	0.0	0.0005687843417765957	3.640219787370212e-05	0.0	0.0	0.0	0.0	0.0004140750008133616	2.2751373671063824e-05	0.0	0.00027756675878697865	0.0	0.00015015906622902126	0.00021841318724221274	0.0	0.0	0.0	9.10054946842553e-05	7.735467048161701e-05	5.005302207634042e-05	0.0002593656598501276	4.550274734212765e-06	0.20544035397497212	0.0	0.0	0.001082965386742638	0.0016927022011271487	0.0	0.000523281594434468	0.06931205988889594
	1	2	3	4	5	6	7	8	9	12	17	22	27	32	37	42	47	52	57	62	67	72	77	82	87	92	97	102	107	112	117	122	127	132	137	142	147	150
SOR3007_R2	1.1732883402167615	0.012103730793005954	0.0	0.0	2.2751373671063824e-05	0.0014105851676059571	6.825412101319147e-05	0.0	0.0	2.2751373671063824e-05	0.0007098428585371913	2.7301648405276592e-05	0.001510691211758638	8.645521995004254e-05	0.00017746071463429784	4.550274734212765e-06	0.00021386291250799995	0.00011375686835531911	0.00035492142926859567	2.7301648405276592e-05	0.0002047623630395744	0.0003822230776738722	0.0008418008258293616	0.0002502651103817021	0.00045957774815548924	0.00028666730825540416	0.0001911115388369361	0.0004504771986870637	0.00026391593458434035	9.10054946842553e-05	0.00014105851676059572	0.0005687843417765957	0.0	0.0	0.0004413766492186382	0.0004914296712949786	8.190494521582977e-05	4.550274734212765e-05
	1	2	3	4	5	6	7	8	9	12	17	22	27	32	37	42	47	52	57	62	67	72	77	82	87	92	97	102	107	112	117	122	127	132	137	142	145
SOR3011_R1	0.0	0.0	0.0016451582991256733	0.0	0.0	0.0	4.985328179168706e-05	0.0	0.0004985328179168706	3.988262543334965e-05	0.0	0.0	0.0	0.0	0.0003489729725418095	2.991196907501224e-05	0.0	0.0002293250962417605	0.0	0.00011964787630004896	0.00011964787630004896	0.0	0.0	0.0	5.982393815002448e-05	5.982393815002448e-05	4.985328179168706e-05	0.00019941312716674825	0.0	0.20678144221555958	0.0	0.0	0.0011466254812088025	0.001764806175425722	0.0	0.0005085034742752081	0.07463036284215553
	1	2	3	4	5	6	7	8	9	12	17	22	27	32	37	42	47	52	57	62	67	72	77	82	87	92	97	102	107	112	117	122	127	132	137	142	147	150
SOR3011_R2	1.2057016201319517	0.012463320447921766	0.0	0.0	0.0	0.0016451582991256733	4.985328179168706e-05	0.0	0.0	1.9941312716674825e-05	0.00057829806878357	2.991196907501224e-05	0.0014457451719589248	8.973590722503672e-05	0.0001495598453750612	9.970656358337413e-06	0.00017947181445007344	0.00012961853265838638	0.0003090903471084598	0.0	0.00019941312716674825	0.0003689142852584843	0.0007477992268753059	0.00020938378352508568	0.000458650192483521	0.0002293250962417605	0.000169501158091736	0.0003888555979751591	0.00018944247080841085	5.982393815002448e-05	0.00010967721994171156	0.0004885621615585333	0.0	0.0	0.0004985328179168706	0.00047859150520019586	8.973590722503672e-05	4.985328179168706e-05
	1	2	3	4	5	6	7	8	9	12	17	22	27	32	37	42	47	52	57	62	67	72	77	82	87	92	97	102	107	112	117	122	127	132	137	142	145
SOR3012_R1	0.0	0.0	0.0019321645646028169	0.0	0.0	0.0	3.578082527042253e-05	0.0	0.0005009315537859155	3.578082527042253e-05	0.0	0.0	0.0	0.0	0.00039358907797464786	6.440548548676057e-05	0.0	0.0003220274274338028	0.0	0.00010734247581126759	0.00022184111667661972	0.0	0.0	0.0	0.00010018631075718308	0.00010018631075718308	5.7249320432676046e-05	0.0002934027672174648	7.156165054084506e-06	0.20923911001637685	0.0	0.0	0.0013310467000597183	0.0016101371371690138	0.0	0.0005438685441104225	0.07565855503430845
	1	2	3	4	5	6	7	8	9	12	17	22	27	32	37	42	47	52	57	62	67	72	77	82	87	92	97	102	107	112	117	122	127	132	137	142	147	150
SOR3012_R2	1.1984429616075323	0.011771891513969013	0.0	0.0	3.578082527042253e-05	0.002003726215143662	3.578082527042253e-05	0.0	0.0	7.156165054084506e-06	0.0007370850005707042	2.8624660216338023e-05	0.0016101371371690138	0.00012881097097352113	0.00027193427205521125	0.0	0.00021468495162253517	0.00016459179624394365	0.0003792767478664788	2.146849516225352e-05	0.00021468495162253517	0.0003792767478664788	0.0009303014570309859	0.00025046577689295774	0.0005438685441104225	0.0003220274274338028	0.00017890412635211266	0.0005724932043267605	0.0003578082527042253	0.00012165480591943661	0.00010018631075718308	0.000579649369380845	0.0	0.0	0.0005152438838940845	0.00045799456346140837	0.00011449864086535209	3.578082527042253e-05
	1	2	3	4	5	6	7	8	9	12	17	22	27	32	37	42	47	52	57	62	67	72	77	82	87	92	97	102	107	112	117	122	127	132	137	142	145
SOR3013_R1	0.0	0.0	0.0017271416067109553	0.0	0.0	0.0	6.517515497022473e-05	0.0	0.0006843391271873597	3.910509298213484e-05	0.0	0.0	0.0	0.0	0.00037801589882730343	1.3035030994044946e-05	0.0	0.00031284074385707874	0.0	0.00010428024795235957	0.00013686782543747194	0.0	0.0	0.0	0.00011079776344938204	8.472770146129215e-05	4.562260847915731e-05	0.0002867706818689888	0.0	0.20601866486088036	0.0	0.0	0.0011405652119789327	0.0017466941532020227	0.0	0.0005996114257260675	0.07617346237145015
	1	2	3	4	5	6	7	8	9	12	17	22	27	32	37	42	47	52	57	62	67	72	77	82	87	92	97	102	107	112	117	122	127	132	137	142	147	150
SOR3013_R2	1.2068483445836513	0.013100206149015171	0.0	0.0	0.0	0.0016293788742556183	6.517515497022473e-05	0.0	0.0	3.258757748511237e-05	0.0007104091891754496	2.6070061988089892e-05	0.001570721234782416	4.562260847915731e-05	0.00016293788742556182	1.955254649106742e-05	0.0002020429804076967	0.00014990285643151687	0.00041060347631241583	1.3035030994044946e-05	0.00018900794941365172	0.00030632322836005623	0.0009254872005771912	0.0002411480733898315	0.0005148837242647754	0.0002932881973660113	0.00016293788742556182	0.0004171209918094383	0.00028025316637196634	8.472770146129215e-05	0.00011079776344938204	0.0005539888172469102	0.0	0.0	0.000469261115785618	0.0005670238482409552	8.472770146129215e-05	6.517515497022473e-05
	1	2	3	4	5	6	7	8	9	12	17	22	27	32	37	42	47	52	57	62	67	72	77	82	87	92	97	102	107	112	117	122	127	132	137	142	145
SOR3017_R1	0.0	0.0	0.0021472590238560477	0.0	0.0	0.0	0.0	0.0	0.0007634698751488169	4.771686719680106e-05	0.0	0.0	0.0	0.0	0.00041990843133184934	2.8630120318080638e-05	0.0	0.00024812770942336554	0.0	0.00018132409534784403	0.00018132409534784403	0.0	0.0	0.0	8.589036095424191e-05	0.00012406385471168277	8.589036095424191e-05	0.00030538795005952677	1.9086746878720423e-05	0.20803599760461328	0.0	0.0	0.0012310951736774673	0.0015937433643731552	0.0	0.0005248855391648116	0.07391342728784485
	1	2	3	4	5	6	7	8	9	12	17	22	27	32	37	42	47	52	57	62	67	72	77	82	87	92	97	102	107	112	117	122	127	132	137	142	147	150
SOR3017_R2	1.207713908751035	0.011308897525641851	0.0	0.0	4.771686719680106e-05	0.0019563915550688434	0.00014315060159040318	0.0	0.0	3.8173493757440847e-05	0.0007920999954668976	6.680361407552147e-05	0.0015746566174944352	5.7260240636161277e-05	0.00018132409534784403	0.0	0.00020041084222656446	0.00014315060159040318	0.00035310481725632785	2.8630120318080638e-05	0.00023858433598400528	0.00034356144381696765	0.0008398168626636987	0.00024812770942336554	0.00047716867196801057	0.0002958445766201666	0.00020041084222656446	0.00044853855164992995	0.00027675782974144616	7.634698751488169e-05	0.00019086746878720423	0.0005630590329222526	0.0	0.0	0.0004580819250892902	0.0005535156594828923	6.680361407552147e-05	9.543373439360212e-05
	1	2	3	4	5	6	7	8	9	12	17	22	27	32	37	42	47	52	57	62	67	72	77	82	87	92	97	102	107	112	117	122	127	132	137	142	145
SOR3020_R1	0.0	0.0	0.002105815677953709	0.0	0.0	0.0	0.00011698975988631715	0.0	0.0008969214924617649	3.119726930301791e-05	0.0	0.0	0.0	0.0	0.00052255426082555	2.339795197726343e-05	0.0	0.00038216654896196933	0.0	0.00018718361581810745	0.00018718361581810745	0.0	0.0	0.0	0.00014038771186358057	9.359180790905372e-05	7.799317325754477e-05	0.00034316996233319696	7.799317325754477e-06	0.20888911593568213	0.0	0.0	0.0012088941854919437	0.001910832744809847	0.0	0.0005693501647800769	0.07304060675569067
	1	2	3	4	5	6	7	8	9	12	17	22	27	32	37	42	47	52	57	62	67	72	77	82	87	92	97	102	107	112	117	122	127	132	137	142	147	150
SOR3020_R2	1.202537741871454	0.012712887240979798	0.0	0.0	3.8996586628772384e-05	0.0017548463982947572	7.799317325754477e-05	0.0	0.0	3.8996586628772384e-05	0.0009047208097875193	5.459522128028134e-05	0.0016612545903857035	9.359180790905372e-05	0.0002651767890756522	0.0	0.0002651767890756522	0.0002339795197726343	0.00040556450093923277	2.339795197726343e-05	0.000327571327681688	0.0004367617702422507	0.0008579249058329924	0.0003197720103559335	0.0006005474340830947	0.0003197720103559335	0.00024957815442414326	0.0005381528954770589	0.00035876859698470595	0.0001325883945378261	0.00017938429849235298	0.0006941392419921484	0.0	0.0	0.0005381528954770589	0.0007175371939694119	0.00010139112523480819	7.799317325754477e-05
	1	2	3	4	5	6	7	8	9	12	17	22	27	32	37	42	47	52	57	62	67	72	77	82	87	92	97	102	107	112	117	122	127	132	137	142	145
SOR3021_R1	0.0	0.0	0.001814073522912938	0.0	0.0	0.0	5.947782042337502e-05	0.0	0.0006245171144454377	4.1634474296362515e-05	0.0	0.0	0.0	0.0	0.0004282403070483001	2.3791128169350008e-05	0.0	0.00021412015352415006	0.0	0.00011895564084675004	0.00017843346127012507	0.0	0.0	0.0	0.00010111229471973752	8.921673063506254e-05	6.542560246571252e-05	0.00022601571760882507	5.947782042337502e-06	0.20723262191912326	0.0	0.0	0.001183608626425163	0.0018200213049552757	0.0	0.0005234048197257002	0.07425805879858371
	1	2	3	4	5	6	7	8	9	12	17	22	27	32	37	42	47	52	57	62	67	72	77	82	87	92	97	102	107	112	117	122	127	132	137	142	147	150
SOR3021_R2	1.196158446534495	0.012430864468485379	0.0	0.0	2.973891021168751e-05	0.0016059011514311257	2.973891021168751e-05	0.0	0.0	1.7843346127012504e-05	0.0007256294091651753	4.1634474296362515e-05	0.0015464233310077506	0.00010706007676207503	0.00013679898697376255	5.947782042337502e-06	0.00014869455105843754	0.00013085120493142504	0.0002914413200745376	2.3791128169350008e-05	0.0001962768073971376	0.0004044491788789501	0.0007910550116308877	0.00020222458943947505	0.00045203143521765015	0.0002379112816935001	0.00015464233310077505	0.00045203143521765015	0.0002676501919051876	7.137338450805002e-05	0.00013679898697376255	0.0005353003838103752	0.0	0.0	0.0005055614735986877	0.0005234048197257002	8.326894859272503e-05	2.973891021168751e-05

