	1	2	3	4	5	6	7	8	9	12	17	22	27	32	37	42	47	52	57	62	67	72	77	82	87	92	97	102	107	112	117	122	127	132	137	142	145
CAB2918_R1	40.16635384154467	40.352000366670545	40.33394743196473	40.36048744824132	40.48771765473944	40.11858326551419	39.935156326855484	39.86979450799073	39.723081016303425	39.666055027410856	39.59575891859019	39.401349750038	39.46223964155718	39.37125191160557	39.35283130024952	39.327708890419174	39.25023923017072	39.20935367609576	39.13034265809314	39.0734973215164	38.96674890669576	38.67190509940349	38.832740102131154	38.72698728726401	38.58702690556892	38.41463775633402	38.22898251160378	38.0387567409249	37.69514619869966	37.36958847939044	37.151237289499804	36.59062877290573	36.201972754590095	35.70513070463346	35.114984528291764	34.68453712315659	32.27638770267491
	1	2	3	4	5	6	7	8	9	12	17	22	27	32	37	42	47	52	57	62	67	72	77	82	87	92	97	102	107	112	117	122	127	132	137	142	147	150
CAB2918_R2	30.49832203511094	31.217004681756798	34.71085791963655	35.47745087956214	35.73840460305678	38.72089105413309	38.89755470992783	38.8899770383752	39.107822379423524	39.042751884776024	38.98122557392883	38.95655993721885	38.81803829024209	38.6900903932318	38.564005808597976	38.470383752023395	38.35791650643462	38.22618620156148	37.96080481948184	37.821440612786965	37.702670770097576	37.55519252439253	37.26384047148466	37.47086545426903	37.250122968779344	36.76271698400065	36.61009361277802	36.17878799735281	35.649389180536055	35.16377082643963	34.625450289312	33.7911788905086	33.26531989768997	32.4609045359829	31.889099712029473	31.115426209789213	30.42836643801926	27.580584515324148
	1	2	3	4	5	6	7	8	9	12	17	22	27	32	37	42	47	52	57	62	67	72	77	82	87	92	97	102	107	112	117	122	127	132	137	142	145
CAB2919_R1	40.412239502608756	40.374282317749675	40.3756203561353	40.41751546519796	40.52945302201501	40.13346671968722	39.95950816130355	39.894816823379976	39.73658856572096	39.67943835786578	39.61938663151446	39.42610406431769	39.47658756375775	39.38244090765343	39.365752375226876	39.34536628539878	39.26385010630204	39.23242363422497	39.152725705262085	39.10116634781275	38.99713647260935	38.70184350795673	38.86587396763868	38.76583618527552	38.62319993654233	38.44911216665153	38.27387756635658	38.078788334225706	37.72505523844116	37.416315927353494	37.20574740715924	36.63548118761865	36.2643117399822	35.76523615542537	35.18130430562383	34.744306396178345	32.37162189665376
	1	2	3	4	5	6	7	8	9	12	17	22	27	32	37	42	47	52	57	62	67	72	77	82	87	92	97	102	107	112	117	122	127	132	137	142	147	150
CAB2919_R2	30.53020605999881	31.276405122954454	34.77740812988783	35.54907375806137	35.89314897210054	38.73476050469723	38.9038699785726	38.89826681236882	39.12338707404821	39.04969758453804	38.98674924513553	38.967636901053	38.822504407072614	38.6895881409303	38.551544745485685	38.45730572089688	38.347611204871214	38.213947536788226	37.94631856794406	37.8125728641223	37.6915624259617	37.54754597289063	37.23870396057275	37.450826149987634	37.22626991010511	36.73989086950577	36.58943596776601	36.156821960528916	35.61417475282298	35.142826204260636	34.60089874013562	33.749009256678974	33.2026148108951	32.3891673163772	31.81181773871513	31.032812625571562	30.33079366967986	27.4991159761992
	1	2	3	4	5	6	7	8	9	12	17	22	27	32	37	42	47	52	57	62	67	72	77	82	87	92	97	102	107	112	117	122	127	132	137	142	145
CAB2920_R1	40.02171519240923	40.3016425696311	40.38942936592381	40.417143831309254	40.429659784705436	40.14085886982294	39.939944252664645	39.8696915986298	39.72070478853956	39.7079655539311	39.66955030659708	39.529727843684576	39.50024822290443	39.406319534917046	39.39273666083809	39.35046606470512	39.2656456050881	39.22394694318336	39.14139538154156	39.08942432451794	38.98020598123004	38.70600710042215	38.83771953332502	38.733205352381006	38.606809612634294	38.43485972951531	38.25896534431475	38.07873561540971	37.729056010019136	37.42125801649867	37.21557449473173	36.671870281973796	36.298641341120096	35.81968788390969	35.269991562278605	34.839599314368805	32.47329016740121
	1	2	3	4	5	6	7	8	9	12	17	22	27	32	37	42	47	52	57	62	67	72	77	82	87	92	97	102	107	112	117	122	127	132	137	142	147	150
CAB2920_R2	29.13879653681951	30.724676885684797	33.20483961695929	34.28982644296976	35.483432348313386	37.72254888173658	37.78659662650347	38.48433184125409	38.64170595867639	38.688304336405054	38.63253259003553	38.63867143035298	38.48979672520888	38.32629862634957	38.21998612286702	38.09429445524956	37.89621722091175	37.621687730014145	37.35917668535525	37.252526673017066	37.158138023079026	37.03418564048408	36.670577161370105	36.92113038932921	36.719341486259516	36.19814011924252	36.04539679844194	35.59714284956179	35.046852438050415	34.5394353360097	33.97193489156997	33.11440648059457	32.58448387944141	31.764424523520812	31.168189259682812	30.386349995621934	29.711393444580352	26.92516464170198
	1	2	3	4	5	6	7	8	9	12	17	22	27	32	37	42	47	52	57	62	67	72	77	82	87	92	97	102	107	112	117	122	127	132	137	142	145
CAB2921_R1	40.03554575866927	40.38996299844234	40.38369573801112	40.373516590042655	40.42205524024689	40.15125717169845	39.95619269651284	39.879716897454294	39.718272566314965	39.71080347056986	39.6817903809684	39.535984901807964	39.50475091759972	39.4212626767245	39.4006057817652	39.36662809714941	39.27874647924399	39.2354734265182	39.15614050749244	39.09788474237966	38.988300846812635	38.706905202535744	38.84241708412161	38.73347765428665	38.59889922368832	38.43542924897024	38.261046962106875	38.065425918486696	37.72464260249249	37.413397470892605	37.214251608303094	36.66398282340311	36.29664559649418	35.81307403630571	35.26744286389539	34.82750636053686	32.44417777686218
	1	2	3	4	5	6	7	8	9	12	17	22	27	32	37	42	47	52	57	62	67	72	77	82	87	92	97	102	107	112	117	122	127	132	137	142	147	150
CAB2921_R2	29.244325302404473	30.840702743471507	33.352485330421736	34.41673505030632	35.64290521169171	37.85934543981267	37.87179984595083	38.554690316533275	38.714403025131986	38.76923903601386	38.72564621108857	38.72980004509314	38.58114877647649	38.39632994448049	38.30323331582254	38.17635253683274	37.9624158938457	37.69004563105796	37.426941666180255	37.331454871948054	37.23172588861535	37.092072075783946	36.743508017767155	36.98912888971292	36.782816421687286	36.27647671465539	36.10630674554534	35.66547696301103	35.10818520693061	34.608023489637155	34.03266677882728	33.18218717775282	32.633975967871706	31.80320996810289	31.215898652584787	30.41825196538586	29.750024892789334	26.94280523996077
	1	2	3	4	5	6	7	8	9	12	17	22	27	32	37	42	47	52	57	62	67	72	77	82	87	92	97	102	107	112	117	122	127	132	137	142	145
CAB2922_R1	40.01932663426256	40.306786390762326	40.407043229795036	40.42520424281256	40.44462232225648	40.145674002805535	39.94582848419858	39.87365141218793	39.719148681939636	39.71403835942467	39.6764890171289	39.544088587214624	39.50759683892297	39.417208276154696	39.40169319897801	39.364775072287415	39.281627504759726	39.24215110767548	39.162093899570024	39.10816404290121	39.005873463035115	38.726661452259215	38.864542130928776	38.764867370957134	38.62719713813161	38.46616729469186	38.2948971759899	38.10968508108444	37.77816898703734	37.46606816811526	37.26517017643433	36.730955961829565	36.368571998144276	35.886816226276835	35.36135490057775	34.94257523042662	32.57694807193931
	1	2	3	4	5	6	7	8	9	12	17	22	27	32	37	42	47	52	57	62	67	72	77	82	87	92	97	102	107	112	117	122	127	132	137	142	147	150
CAB2922_R2	29.844606593685285	30.36702377026044	34.70525328181515	34.996061151221674	36.36494979354726	38.76286801351194	37.973888133280745	38.29934519153803	38.4824830658765	38.511479479396485	38.471870913543455	38.48235321371897	38.32577162968116	38.139974041761185	38.03764212867312	37.93631940460652	37.73362091826813	37.43538989481975	37.14375255665486	37.01700136619101	36.918680482611094	36.780603013911254	36.41597498547546	36.67797884202357	36.45646386360768	35.93529387737932	35.75627006078666	35.29270846605585	34.714768579679536	34.18223256704304	33.58187812552009	32.6929033052556	32.10971214885812	31.28507779241578	30.69134056806966	29.889909511944875	29.207242336436575	26.47341078943406
	1	2	3	4	5	6	7	8	9	12	17	22	27	32	37	42	47	52	57	62	67	72	77	82	87	92	97	102	107	112	117	122	127	132	137	142	145
CAB2923_R1	40.026143141733804	40.40063431602985	40.41668630242179	40.40175339179271	40.44078343092791	40.15667644884285	39.955035094449606	39.88790028541625	39.71669272866892	39.71718709531682	39.68276954374295	39.54605366760204	39.50763068163009	39.42057956959723	39.406877512484115	39.36673397998256	39.27595837090091	39.23436692053589	39.15581650013599	39.095379268667116	38.99862140771163	38.71419155539198	38.85105893517734	38.75455059436295	38.6159909695	38.45050627792415	38.27816601398065	38.096936757289726	37.76138227926653	37.45702249251407	37.24450273504973	36.71289656922788	36.35460434115713	35.88156205839836	35.34848434689531	34.9198049796275	32.53053181414255
	1	2	3	4	5	6	7	8	9	12	17	22	27	32	37	42	47	52	57	62	67	72	77	82	87	92	97	102	107	112	117	122	127	132	137	142	147	150
CAB2923_R2	29.916000511503306	30.36890488310397	34.76503563321578	35.04728095098071	36.46119487951436	38.81608729829536	38.106665316505655	38.381059577802056	38.55120712833086	38.584206751194536	38.5497803716448	38.56589999591057	38.40246689995892	38.213220413136284	38.11054573118683	38.02149300545192	37.7964658237248	37.49581716223418	37.21121295739138	37.083378414430626	36.97870328718769	36.8348663502876	36.46581567575883	36.736050142902855	36.51522793379278	35.9997874794636	35.81985398787582	35.34147272707209	34.76434795986127	34.25064363084261	33.64815790652342	32.75873297774766	32.18416910247397	31.356458995025825	30.74921577065957	29.950053389780447	29.263333846134874	26.475466990186018
	1	2	3	4	5	6	7	8	9	12	17	22	27	32	37	42	47	52	57	62	67	72	77	82	87	92	97	102	107	112	117	122	127	132	137	142	145
CAB2924_R1	39.98139598596043	40.29704058025085	40.353478331799465	40.387452495300295	40.37694622134144	40.149706315810484	39.95320877424968	39.89627954136669	39.74644450425434	39.74211850482292	39.70296547722218	39.5712164025356	39.529789757501455	39.438186447643126	39.42297943694412	39.388247538635326	39.299739872834365	39.26413005394593	39.17395396733508	39.127267921343716	39.0313364093365	38.74941046332097	38.882955991770096	38.78697574463896	38.64833891010916	38.489316613789974	38.32198126175787	38.13395592224682	37.80044687630571	37.49766959375695	37.302144689626786	36.76144404650212	36.41195855311749	35.9318392484328	35.40695329068781	34.971543368409314	32.59787052289071
	1	2	3	4	5	6	7	8	9	12	17	22	27	32	37	42	47	52	57	62	67	72	77	82	87	92	97	102	107	112	117	122	127	132	137	142	147	150
CAB2924_R2	31.384540089802037	31.77257286348452	35.7027783839075	35.38413465211863	35.335533756300975	38.32044238826888	38.38623755894851	37.78919099005955	38.24297074997711	38.60026873153073	38.61932320129189	38.66947412185571	38.53133881855872	38.37068912704242	38.284313416407905	38.17772157788912	37.984505534671804	37.69382915585671	37.39745916540412	37.28251599895647	37.18736245922391	37.046734781115276	36.69635429609066	36.948262572182024	36.73849709964061	36.225246308555285	36.06194151647461	35.607918769286684	35.0425394303635	34.539080682099	33.96354488828437	33.08840702914677	32.52137909387086	31.694628604626672	31.10198347824231	30.291930551071722	29.622592034009962	26.7812925270745
	1	2	3	4	5	6	7	8	9	12	17	22	27	32	37	42	47	52	57	62	67	72	77	82	87	92	97	102	107	112	117	122	127	132	137	142	145
CAB2925_R1	40.09404814781914	40.45687743011186	40.467726747801365	40.44191374939354	40.493314245495114	40.18874683103163	39.9862888732481	39.910968901401525	39.747601150736976	39.74719114943864	39.71132027251419	39.57628566157126	39.54536199697966	39.45779350967944	39.4393830847131	39.39994300981953	39.31342275917207	39.27056477678846	39.18323901025686	39.133648123219054	39.03601943406154	38.76199356297961	38.89487621377468	38.793212428506024	38.66203182976746	38.497470155322155	38.33009833197805	38.14264683171496	37.8103070226389	37.50102664325104	37.3106765704758	36.76556863763402	36.41615172781381	35.944315536999206	35.41579393334745	34.98227728387806	32.62048810654567
	1	2	3	4	5	6	7	8	9	12	17	22	27	32	37	42	47	52	57	62	67	72	77	82	87	92	97	102	107	112	117	122	127	132	137	142	147	150
CAB2925_R2	31.42255417142154	31.806076219241362	35.786720741282345	35.44664858105384	35.419772995947824	38.397410158465505	38.43997307658141	37.83358525635331	38.28043610471433	38.65860134890427	38.67884406967289	38.73411566136626	38.58388749564373	38.42062730198646	38.32513977627596	38.22003143343288	38.024782938479305	37.72866606077586	37.42555100757819	37.320013120041544	37.215918710409255	37.078821109600185	36.72495131234582	36.98253421802502	36.7673738733506	36.24794691849858	36.0828109689014	35.64226635051011	35.07222610204933	34.57889531983518	33.99288511080285	33.12004660348091	32.55230195228951	31.726438523721992	31.126106012669037	30.32905378533699	29.631740387177892	26.80372862014063
	1	2	3	4	5	6	7	8	9	12	17	22	27	32	37	42	47	52	57	62	67	72	77	82	87	92	97	102	107	112	117	122	127	132	137	142	145
CAB2927_R1	39.94206373921784	40.28255197301685	40.30186196094954	40.26208791963674	40.445012445130374	40.10624844006531	39.92002944698741	39.84346785217887	39.684469003954504	39.63333279904377	39.56749989123391	39.365470087035774	39.421632315664375	39.32745004201806	39.31777192094652	39.29542186358672	39.21747985537545	39.178355891801786	39.09462283355124	39.03768916712654	38.936438929558506	38.63878873503894	38.81035109693463	38.708681480226325	38.56790999663398	38.383048060872376	38.20048544022789	38.00448139183957	37.66087706684191	37.33451754797729	37.11339563149592	36.53620067457872	36.15706796392171	35.64460108033349	35.050787008520395	34.61915473865226	32.2015833480263
	1	2	3	4	5	6	7	8	9	12	17	22	27	32	37	42	47	52	57	62	67	72	77	82	87	92	97	102	107	112	117	122	127	132	137	142	147	150
CAB2927_R2	30.513694223032306	31.251302903253137	34.7555516501533	35.51422087988331	35.81312154095215	38.70439724123403	38.8846535628336	38.86199758653773	39.08607633776565	39.01862041092973	38.96053828909797	38.93207901226653	38.79625650020493	38.671439742441905	38.531219989146294	38.442324777830954	38.32814854928936	38.194777281397336	37.919657123491874	37.785835563992244	37.67095098198604	37.50953054266263	37.22122175230184	37.434913227559264	37.207230540601806	36.709536725156106	36.55611002090599	36.12129960592329	35.57850942372291	35.106506272941054	34.564842220476876	33.71810566110319	33.17926277200109	32.37198689311385	31.79868896791286	31.018565340941613	30.320022463059598	27.497147179981546
	1	2	3	4	5	6	7	8	9	12	17	22	27	32	37	42	47	52	57	62	67	72	77	82	87	92	97	102	107	112	117	122	127	132	137	142	145
CAB2931_R1	40.19863591944975	40.4894852646936	40.60471833379957	40.51481872681634	40.58857867924789	40.205452558874114	39.98921995014846	39.916036413950906	39.75383012593346	39.74479349998181	39.711713605806565	39.57805528828966	39.54379747280056	39.4588655827449	39.44297230065971	39.40008919084708	39.31474722360559	39.27217973147408	39.19011951071733	39.13191740250161	39.031561015445945	38.75165693010373	38.88554192534312	38.78591361659477	38.650639075626565	38.485990388463144	38.31205933010273	38.1221733965405	37.790181103833945	37.483287316208525	37.272324494114784	36.728992419405216	36.38161351385594	35.90260045887499	35.37536990367138	34.937840251791656	32.552980115835204
	1	2	3	4	5	6	7	8	9	12	17	22	27	32	37	42	47	52	57	62	67	72	77	82	87	92	97	102	107	112	117	122	127	132	137	142	147	150
CAB2931_R2	29.986883551376312	30.52562574717719	34.85607971729888	35.16378813974989	36.495946269727675	38.887117755752556	38.21320877557651	38.45175728548723	38.62208796902029	38.62486129004337	38.59347727640507	38.606982978472516	38.455114800286516	38.28237320410906	38.175258007418776	38.07424491982232	37.882669503378835	37.58538875793905	37.30157344696907	37.184658923412535	37.08721108625922	36.94081591435672	36.58989283299484	36.849648066214485	36.63483360450194	36.112438548008136	35.927641134166365	35.472074985542555	34.89122730870696	34.36548452206376	33.77714958095355	32.89004010452013	32.31599100313987	31.49080192732514	30.881413304865855	30.061578439649406	29.395234499170186	26.60471739296785
	1	2	3	4	5	6	7	8	9	12	17	22	27	32	37	42	47	52	57	62	67	72	77	82	87	92	97	102	107	112	117	122	127	132	137	142	145
ESM2880_R1	40.27853217785153	40.4695126946209	40.51677994228757	40.47376482448445	40.56064066348156	40.15202297398712	39.947658141046645	39.8634760112888	39.69903092530151	39.69421309998203	39.660596995993956	39.51761979821789	39.48589586394242	39.40017876584185	39.38009707262676	39.33971343293837	39.25097449184521	39.211956501633075	39.12659634065133	39.07545173718647	38.97042290739586	38.6831722943334	38.82840606403332	38.72433065206591	38.585550752058516	38.41460033348484	38.23285757132136	38.04840782130286	37.702577901212386	37.39337780238249	37.17932565772089	36.62436784540256	36.26408193896857	35.77438924973839	35.22940724523555	34.78376712346867	32.38231645121397
	1	2	3	4	5	6	7	8	9	12	17	22	27	32	37	42	47	52	57	62	67	72	77	82	87	92	97	102	107	112	117	122	127	132	137	142	147	150
ESM2880_R2	29.949410125572104	30.369362864270087	34.78026797699959	35.10135118173074	36.48358736668534	38.89915122559641	38.081969687760946	38.42493122866173	38.593416383037194	38.628712198885914	38.5824419704673	38.60251355607936	38.44121979610388	38.24711669062543	38.136880727641724	38.05049342279112	37.84031374528312	37.53195469151331	37.235590059403634	37.12880567769827	37.01690143171224	36.88606201179617	36.51617692136945	36.79016001722916	36.574725178897964	36.039834988425795	35.85366014142717	35.39997086632067	34.824610824251906	34.28956307408543	33.702326994831246	32.77722400298076	32.21960478611519	31.381503218577905	30.80359011489636	29.977654930396273	29.287157662752225	26.504922832084304
	1	2	3	4	5	6	7	8	9	12	17	22	27	32	37	42	47	52	57	62	67	72	77	82	87	92	97	102	107	112	117	122	127	132	137	142	145
ESM2882_R1	40.312807056034536	40.50984811896764	40.54282812440791	40.49366536838759	40.57734414918793	40.17659129696849	39.97362941530135	39.89124287955837	39.73308333194551	39.72154122307592	39.6887349973221	39.54978486316177	39.519172123228145	39.434095960660144	39.41689756435702	39.37261362476187	39.286384385702085	39.24456942100229	39.16474483228692	39.11080424514811	39.00764365123672	38.723636233740436	38.869751980183324	38.772938785864085	38.63009936577655	38.451968573874595	38.280310978748915	38.09556738705588	37.75729624874824	37.44588391951394	37.235005455958074	36.67791701875156	36.31941937310426	35.83846405789567	35.29215918122735	34.843816134333636	32.408404709719136
	1	2	3	4	5	6	7	8	9	12	17	22	27	32	37	42	47	52	57	62	67	72	77	82	87	92	97	102	107	112	117	122	127	132	137	142	147	150
ESM2882_R2	31.440389585093758	31.823887562611976	35.830969567556494	35.543101103332056	35.4426528241492	38.42026879373003	38.444506956859435	37.82911543484625	38.30101706975106	38.718314665291885	38.72246790325395	38.77601999624926	38.63634211137975	38.46834644042482	38.36647500215414	38.258771565878064	38.06698806254234	37.76278184591197	37.46261412437847	37.355070275781124	37.2432222905273	37.106817690868624	36.74264164914992	37.02663994321266	36.807671407714416	36.27789959251077	36.111745841415896	35.671598389351935	35.105203953391324	34.57924901591218	33.99896282490466	33.105563966975105	32.55147979437036	31.706409743054667	31.134441902916528	30.300207690861384	29.624300820360798	26.82204984242768
	1	2	3	4	5	6	7	8	9	12	17	22	27	32	37	42	47	52	57	62	67	72	77	82	87	92	97	102	107	112	117	122	127	132	137	142	145
ESM2883_R1	40.499647700648715	40.40378745397734	40.33367972034754	40.35068154058798	40.54603665670682	40.12692702863404	39.926607176622554	39.85135603518893	39.701208817995806	39.64821453386972	39.57849467124856	39.38946265317699	39.44151131051778	39.33452868855794	39.31311259812716	39.30166490327145	39.22419126551459	39.18867831928638	39.10986454456074	39.052231039379095	38.95608511291967	38.664341610279784	38.827003216419854	38.724744888079464	38.58517159826092	38.40837785757082	38.23099231906051	38.04010029059408	37.69270657353163	37.3686588639005	37.15856673233158	36.58516085841927	36.220411166701545	35.724810238388685	35.152198461859406	34.72737256933788	32.324095225294215
	1	2	3	4	5	6	7	8	9	12	17	22	27	32	37	42	47	52	57	62	67	72	77	82	87	92	97	102	107	112	117	122	127	132	137	142	147	150
ESM2883_R2	30.55312690489805	31.286755724905138	34.79595667743146	35.56232411475228	35.88156753521611	38.71272127735121	38.853934248085785	38.83900066098844	39.062437208539414	38.992238348980415	38.920267155188434	38.88601090061383	38.74908299651996	38.61525337401889	38.469007973844256	38.36470113461546	38.25344425094649	38.114118888745324	37.83039622530365	37.70008425893953	37.57249956145647	37.43018487823785	37.120914995455095	37.3450709822171	37.113826504692504	36.602032954390495	36.440167398331944	36.00700641233637	35.46097196868782	34.95788205115354	34.41665664823862	33.54928894111996	33.017536794534784	32.1905660579997	31.632622171394207	30.840505215169475	30.147322834107523	27.333888170910583
	1	2	3	4	5	6	7	8	9	12	17	22	27	32	37	42	47	52	57	62	67	72	77	82	87	92	97	102	107	112	117	122	127	132	137	142	145
ESM2886_R1	40.4852272154478	40.431394527282	40.49452753830211	40.512108531675004	40.57102709361921	40.15955188266181	39.955136151566386	39.87347340488699	39.71260755046788	39.702500305425815	39.66582716572533	39.52877751929309	39.49686962034076	39.41602644005068	39.38403866050062	39.348349290942224	39.26648124685497	39.225430223229964	39.149583894704556	39.09512446422332	38.991606044270085	38.70258104036149	38.851094962225446	38.74034722002705	38.603477069996764	38.4376927920362	38.25659595881066	38.071463147705636	37.736797702172666	37.425734282104095	37.2263419726834	36.66942350129902	36.31819287020812	35.82972583441051	35.29656052087276	34.87132483039257	32.49352924441498
	1	2	3	4	5	6	7	8	9	12	17	22	27	32	37	42	47	52	57	62	67	72	77	82	87	92	97	102	107	112	117	122	127	132	137	142	147	150
ESM2886_R2	29.298767104913555	30.894845522884722	33.40942266404784	34.51872922356913	35.73473191302498	37.85188812957231	37.89878701098764	38.5779908021977	38.719320083690945	38.77786171173442	38.719227388024066	38.722381005675366	38.58129811524506	38.40126424928898	38.29002833838959	38.17176353292661	37.96611054962123	37.69393428603404	37.42852232854932	37.348161080293245	37.22999930798627	37.10274242479904	36.74195858682252	37.01053125296348	36.79227960430484	36.266418196714724	36.09255999801794	35.67428237748581	35.09807099035709	34.58213066757113	34.00591782806791	33.11582097177524	32.584092483791075	31.75644175081183	31.18793486869253	30.37283017384923	29.680351167068352	26.881729940358667
	1	2	3	4	5	6	7	8	9	12	17	22	27	32	37	42	47	52	57	62	67	72	77	82	87	92	97	102	107	112	117	122	127	132	137	142	145
ESM2887_R1	40.1643811978167	40.49095583752827	40.51115200359829	40.48858243882982	40.5607288795097	40.19401897870306	39.99420016605304	39.913448033459545	39.74960820534	39.74499294911054	39.71131968322624	39.57747258498196	39.5449228645423	39.45497359982913	39.43891086742206	39.40467819797087	39.319032238901386	39.2775609155831	39.19935764063236	39.15438760514453	39.05407537167453	38.77507075641829	38.91439774654422	38.81225793949955	38.67892066936067	38.525429029296916	38.35491603288812	38.16501570714693	37.83264788126783	37.53418832734798	37.34312393299604	36.80403399985573	36.457303787961294	35.97971111862326	35.481237137607614	35.03999735503244	32.68531144846627
	1	2	3	4	5	6	7	8	9	12	17	22	27	32	37	42	47	52	57	62	67	72	77	82	87	92	97	102	107	112	117	122	127	132	137	142	147	150
ESM2887_R2	29.972018859891683	30.67085960031287	34.761270107764744	35.22985015622282	36.41960819119579	38.75568385141223	38.187991069344825	38.29189833706505	38.49155413767693	38.51272080882259	38.44487908820754	38.41076148191733	38.299967963360835	38.170794112613386	38.021816951271774	37.87809740552727	37.742997554465816	37.50898001847234	37.20565216837835	37.12331517688043	37.019466749080266	36.881049726804555	36.51785374319486	36.771995451221564	36.54275095013741	36.031426316437134	35.82721579682123	35.382730483463305	34.77510328810486	34.245331420092974	33.65205975080728	32.73660684608127	32.17563914155951	31.33170474524153	30.731507292048263	29.902389523099618	29.21455757613476	26.47874301806357
	1	2	3	4	5	6	7	8	9	12	17	22	27	32	37	42	47	52	57	62	67	72	77	82	87	92	97	102	107	112	117	122	127	132	137	142	145
ESM2888_R1	40.47998641696844	40.42330208144644	40.49694619440107	40.51077426976682	40.56772530167058	40.15448955632812	39.95524148169116	39.868767424383655	39.71625036505718	39.702846468966314	39.670948525485876	39.53126320609187	39.501185557836415	39.41926667472917	39.39120704669933	39.35056315185481	39.275546687974206	39.23356181203556	39.15677258297822	39.10572562804357	39.00599607401802	38.72441211931732	38.87068510339634	38.776025209937586	38.63944529265042	38.46638141596239	38.29629989136744	38.1115464746171	37.78115866639135	37.48280431509464	37.28426074139482	36.73655678599702	36.38583234884521	35.90916902160452	35.38426206167394	34.95872268804603	32.572267589946655
	1	2	3	4	5	6	7	8	9	12	17	22	27	32	37	42	47	52	57	62	67	72	77	82	87	92	97	102	107	112	117	122	127	132	137	142	147	150
ESM2888_R2	29.935167957987662	30.394300302238296	34.775076193307875	35.06507022036514	36.45536638009568	38.836046154845505	38.023958841090675	38.36675980795748	38.53471726750809	38.56631460983904	38.5184415002807	38.53548060008271	38.37054531224337	38.1841868585754	38.07196947092191	37.96958055788658	37.76182703392958	37.457446083761674	37.15804068466507	37.037457057921706	36.92475549751022	36.791534053431164	36.42202584684023	36.692385633461996	36.465872844446295	35.9346989948451	35.753569057727354	35.297179830993706	34.706024750480445	34.16536833938989	33.57107437449137	32.65708390479414	32.10132339497629	31.246538148936985	30.687382092473406	29.856311594321532	29.14865445074012	26.417696440369067
	1	2	3	4	5	6	7	8	9	12	17	22	27	32	37	42	47	52	57	62	67	72	77	82	87	92	97	102	107	112	117	122	127	132	137	142	145
ESM2893_R1	40.28209189056762	40.49243525176852	40.497713314903436	40.51616791806213	40.55447119841648	40.18229762610698	39.99030760107907	39.92301760305569	39.76263401345772	39.76111640065813	39.7245092553153	39.591494199594095	39.561902385585704	39.48063566435319	39.455501616095816	39.423827530143456	39.33411228873132	39.29647521290426	39.219452657162186	39.16761996831839	39.06581539759298	38.78841630962224	38.930496535346705	38.82806731087781	38.68974969306707	38.52483073449536	38.35183143605633	38.16497032285724	37.827416835792974	37.53043848952809	37.32364037761798	36.77881153622366	36.424699748607324	35.93767584263876	35.41016741416318	34.973060545825575	32.602145850907156
	1	2	3	4	5	6	7	8	9	12	17	22	27	32	37	42	47	52	57	62	67	72	77	82	87	92	97	102	107	112	117	122	127	132	137	142	147	150
ESM2893_R2	29.32294981333467	30.930622370886333	33.49393163678073	34.58417861686697	35.80815369753257	37.96646392389734	38.02104891717405	38.68221236696093	38.82129961386307	38.88165529414057	38.82700967987105	38.82774416131448	38.681573584558976	38.50796703220221	38.40584341827232	38.290282336532115	38.09275213739459	37.825234967246566	37.56494206554027	37.474295515856106	37.38159857070871	37.249681931185776	36.90142915208561	37.15307559319486	36.95301246662713	36.41831846692223	36.262568172517184	35.842790556209785	35.28720792652541	34.76766618225552	34.21259399385856	33.350127018727775	32.805532378987685	31.984066840386525	31.423848966728748	30.604328241448332	29.929464447284097	27.111166616555167
	1	2	3	4	5	6	7	8	9	12	17	22	27	32	37	42	47	52	57	62	67	72	77	82	87	92	97	102	107	112	117	122	127	132	137	142	145
ESM2895_R1	40.27231639320691	40.45773409167159	40.43668461329542	40.47995462751426	40.46593428977681	40.177352499480776	39.98868923042513	39.92090289649002	39.76914551147892	39.762530314891436	39.72655480644801	39.59193488089723	39.55957175722525	39.47785511159395	39.460217915741374	39.42599420062946	39.3397272059176	39.303718946208036	39.228614142156474	39.175739220040576	39.07429393063122	38.79942166056907	38.94325851133513	38.84576669915167	38.70826697873564	38.54041570143626	38.37138098509418	38.19312766603294	37.86212715479366	37.560250826769774	37.369846388573805	36.83610922946655	36.48720919272123	36.006458150272394	35.50457103829502	35.06508195804643	32.692209392424076
	1	2	3	4	5	6	7	8	9	12	17	22	27	32	37	42	47	52	57	62	67	72	77	82	87	92	97	102	107	112	117	122	127	132	137	142	147	150
ESM2895_R2	29.977962791366448	30.459001006502323	34.83665106321793	35.17770956816258	36.51232166536194	38.94921596664164	38.14472385090985	38.47423793395428	38.647992986436186	38.679896713690034	38.636430032112216	38.64824085760388	38.49578882622658	38.306107631843815	38.19895539437317	38.11178302685604	37.909107727701176	37.600956017446045	37.31184197913505	37.2132647420638	37.11328543127826	36.983600961768886	36.60732286357899	36.882795600146984	36.65982322304411	36.14344687105587	35.96625445337338	35.52297061971787	34.94336475324717	34.409427891297746	33.833289585097376	32.926345517869414	32.38484047736967	31.54331530682345	30.95589882255204	30.128791158755774	29.44282811176969	26.657575327912067
	1	2	3	4	5	6	7	8	9	12	17	22	27	32	37	42	47	52	57	62	67	72	77	82	87	92	97	102	107	112	117	122	127	132	137	142	145
ESM2896_R1	40.47471565801103	40.497528776145785	40.523602664730724	40.5474574056928	40.57695295512254	40.18969240562266	40.004155093079696	39.93448341469916	39.777509188726626	39.76942635340825	39.73696515999607	39.605761980416084	39.57065289059102	39.48820861916586	39.45197163068333	39.426747348596436	39.35001727270177	39.30498690080384	39.232126874570376	39.18223419328592	39.08618753770183	38.80924466562855	38.952207223321125	38.85860276994515	38.721849529340794	38.55713888655079	38.38767114880125	38.21471099350477	37.880928482246816	37.58519466422569	37.385706620091746	36.84284042127857	36.5034831236059	36.02056021421658	35.51121866363649	35.08213608083273	32.72346733267399
	1	2	3	4	5	6	7	8	9	12	17	22	27	32	37	42	47	52	57	62	67	72	77	82	87	92	97	102	107	112	117	122	127	132	137	142	147	150
ESM2896_R2	29.912935938442544	30.364082249624737	34.75911683009974	35.054133699479536	36.477855870263596	38.873172337724284	38.05614066467461	38.41261678801397	38.57916026612236	38.618913433076614	38.57060712231528	38.59479591908309	38.426771898629404	38.24053271817965	38.13063291738563	38.035785004839866	37.82721686797694	37.514842686895896	37.215574628593075	37.114367117685845	36.99976423200483	36.85685428152575	36.481617022992864	36.767111986728956	36.539548963287174	36.005192682687316	35.830910683472915	35.37581602556009	34.79271810950718	34.24646234024943	33.6588176704123	32.7394426967159	32.193562981356	31.338928110489178	30.765035229297307	29.91900768766747	29.22794091859209	26.47269970575032
	1	2	3	4	5	6	7	8	9	12	17	22	27	32	37	42	47	52	57	62	67	72	77	82	87	92	97	102	107	112	117	122	127	132	137	142	145
ESM2897_R1	40.29767895776503	40.498972149060926	40.47714084987301	40.503400530680715	40.51090854576239	40.19509669049635	40.0091448358574	39.946003531339166	39.79400064277428	39.7854224477158	39.74992915765215	39.62181924717022	39.58587630906469	39.5095208980027	39.48946173533378	39.45126791145392	39.36883818549525	39.3275420938764	39.25112171949958	39.20368125450726	39.10784302197975	38.82916039569811	38.969085790769135	38.87582335857398	38.73780404399084	38.570781695826675	38.409243309660425	38.233960136236796	37.89961276769198	37.60759110541498	37.40233769949519	36.86917965932963	36.521747033048	36.05354162747311	35.54170007917098	35.115028180164934	32.732673999780516
	1	2	3	4	5	6	7	8	9	12	17	22	27	32	37	42	47	52	57	62	67	72	77	82	87	92	97	102	107	112	117	122	127	132	137	142	147	150
ESM2897_R2	31.405002665161636	31.798349167528926	35.76731620183112	35.46869071975041	35.388037735553254	38.415390916502055	38.44628180556862	37.85669465086382	38.32369612846079	38.706727867400375	38.7176684538927	38.77343215987834	38.63539609005111	38.47179102781175	38.37209967704512	38.27196073589816	38.083715372495526	37.779088181575894	37.49057355846111	37.38944380428307	37.2812224665287	37.13909116028596	36.784494638321895	37.054237019095105	36.843054118458596	36.31541266892421	36.15506890226696	35.71881956855736	35.15104303844104	34.64302580111623	34.069373079515884	33.18979595836076	32.64491502837613	31.803483621014017	31.25017352945788	30.40156235302418	29.719445391621985	26.88948275287681
	1	2	3	4	5	6	7	8	9	12	17	22	27	32	37	42	47	52	57	62	67	72	77	82	87	92	97	102	107	112	117	122	127	132	137	142	145
MAR2971_R1	40.47451654991324	40.4221387361652	40.38668975455857	40.34712202751086	40.5490133548492	40.1158035815116	39.92948237618727	39.85594867158208	39.704815075503234	39.64931137616099	39.57788228726385	39.380756104784744	39.426995787501426	39.3215927662358	39.316271992033826	39.301549483540995	39.21831140670179	39.18323147150509	39.10038232810327	39.05230806710167	38.94677187377703	38.65130462451516	38.819305189874946	38.70901514468168	38.57215766435385	38.390580083284036	38.22046261487422	38.022199036473516	37.67889709386606	37.35430998051781	37.13522234051847	36.578202042255676	36.1951876944756	35.69300516423489	35.11961848158283	34.67311891803207	32.30980473069769
	1	2	3	4	5	6	7	8	9	12	17	22	27	32	37	42	47	52	57	62	67	72	77	82	87	92	97	102	107	112	117	122	127	132	137	142	147	150
MAR2971_R2	30.574641696136165	31.29002246523854	34.82775596912681	35.58699473632998	35.94454395849861	38.72052014520371	38.88361117167974	38.86106816065593	39.06812301262897	38.996746340254255	38.9429338195238	38.91970314349982	38.78833647145892	38.646306517334025	38.507330855504414	38.40551971550187	38.29645741015503	38.16459761085775	37.90159259577557	37.768130257188986	37.65205841388171	37.50329528045325	37.195378041738614	37.41444657598656	37.18939666309884	36.69013404566772	36.533683439717095	36.097856036387576	35.55034727721735	35.07470675512606	34.542552343721695	33.70589721389847	33.154944092594	32.352438469181855	31.760376944400843	30.98381416141022	30.297170644190537	27.472995192311107
	1	2	3	4	5	6	7	8	9	12	17	22	27	32	37	42	47	52	57	62	67	72	77	82	87	92	97	102	107	112	117	122	127	132	137	142	145
MAR2972_R1	40.31087471701238	40.39662995571382	40.26061101251549	40.331237788560706	40.510929509000235	40.09801121454289	39.919610813184356	39.847094243182056	39.69595791127935	39.64254198231442	39.56905379340628	39.37485606269975	39.42893199919497	39.327661383589174	39.315242379917436	39.30233236685017	39.21028914569758	39.1808969515818	39.098025273646975	39.04520820473907	38.94407760240276	38.64462638893837	38.81713429236966	38.708506046859185	38.56761042415162	38.39454073432819	38.209018433796544	38.00990675732542	37.66293634981362	37.344345784628004	37.11961861309827	36.554852557553254	36.170479155452284	35.656878031494315	35.0818684741924	34.64273515055278	32.24759863761504
	1	2	3	4	5	6	7	8	9	12	17	22	27	32	37	42	47	52	57	62	67	72	77	82	87	92	97	102	107	112	117	122	127	132	137	142	147	150
MAR2972_R2	30.083700779895096	30.94172982831523	33.870274913262065	34.96497357177317	35.570829477511694	38.042947674133075	38.134285147519485	37.98067162073544	38.22889376998728	38.30246968385312	38.44369781400191	37.45912142154876	37.432733638717615	37.51828145748614	37.9956020040964	37.049471194725335	37.05438687380414	37.70743948085313	37.29679269465841	36.90163750044537	37.45579673231755	37.41055289834208	37.12718125555503	37.369046956444706	37.15286800908642	36.65745185479064	36.502917745574514	36.05674668479584	35.517287498086134	35.03049487083439	34.48500490624214	33.626853562875496	33.083149585978646	32.2655045436906	31.66521690982818	30.87804468676605	30.19270708049222	27.37462890224397
	1	2	3	4	5	6	7	8	9	12	17	22	27	32	37	42	47	52	57	62	67	72	77	82	87	92	97	102	107	112	117	122	127	132	137	142	145
MAR2973_R1	40.542286554573984	40.52972475101449	40.48435791675986	40.49712115928821	40.58719876191442	40.153481559998944	39.95256667977178	39.87173686235884	39.71452972336178	39.70331117041597	39.66337443614454	39.526009313426535	39.49306556768975	39.40784827061172	39.37006026498254	39.34606638317026	39.26449499250508	39.226357663919224	39.137748551375964	39.09178837516549	38.981379745797916	38.7108426956146	38.843292846415984	38.74438040846265	38.60299727293313	38.43400164763184	38.26712974475599	38.08175595043768	37.75095308416953	37.44512392664288	37.23887001073878	36.71408753009429	36.35529353825465	35.868843643072374	35.34100776443032	34.910850961558495	32.58615214754779
	1	2	3	4	5	6	7	8	9	12	17	22	27	32	37	42	47	52	57	62	67	72	77	82	87	92	97	102	107	112	117	122	127	132	137	142	147	150
MAR2973_R2	29.32270765926529	30.88790233960943	33.405945019664614	34.54606353524001	35.73233588628284	37.922160162040285	37.913561496538726	38.581675166465	38.721698172184475	38.778549597747215	38.731318897336976	38.74004252446095	38.59485010856866	38.40869153581237	38.31621368367969	38.202110316314744	38.00319002918782	37.73015430225014	37.468906992155	37.35114132541285	37.260017282074294	37.13719105166424	36.77546980429857	37.03295291468295	36.8428496806845	36.33327382779886	36.1725216407968	35.73741464891967	35.188628214514445	34.700417812206084	34.15079158568589	33.288100930648035	32.73157277989945	31.945748804216606	31.35900578060379	30.55445325990767	29.896734118621158	27.055266517648136
	1	2	3	4	5	6	7	8	9	12	17	22	27	32	37	42	47	52	57	62	67	72	77	82	87	92	97	102	107	112	117	122	127	132	137	142	145
MAR2974_R1	39.871683664418484	40.389952194180665	40.41524738967866	40.511099373614435	40.52424454330392	40.133989628529214	39.94027820537618	39.85863291608631	39.670861454684044	39.67697297717979	39.63024230237038	39.50481777822541	39.4807106895277	39.39591264250472	39.364040455831976	39.325846959575074	39.23714490416518	39.197302181533935	39.102721280742735	39.057621520286865	38.954473912809604	38.68411432194593	38.82983634775901	38.71070486401608	38.574609696443915	38.404892399710214	38.23235356391982	38.04562932120773	37.71219214345637	37.3843551250196	37.169123415008755	36.63692069636037	36.239232817888094	35.76421579343125	35.23158743474912	34.809292663861115	32.461933028361884
	1	2	3	4	5	6	7	8	9	12	17	22	27	32	37	42	47	52	57	62	67	72	77	82	87	92	97	102	107	112	117	122	127	132	137	142	147	150
MAR2974_R2	26.875186410649356	29.12906712843479	30.8449750098141	32.13782943039315	34.36845102049458	35.794439554880555	35.819795408947485	36.91267226175203	37.57945013579508	37.769042155416415	37.537543533968226	36.83287053515737	37.25519483417894	37.16458409394982	37.16997698407884	36.45257907645612	36.55507786614599	36.9889765068218	36.30465651799213	36.75941529717549	37.059691236439086	36.91554679121892	36.62232407012131	36.85431974848439	36.61501208021123	36.10512381787322	35.92171164747529	35.456540538808326	34.88837816154178	34.35205443705987	33.79115140264357	32.91448023045679	32.37546360886439	31.53109941939449	30.892503516480247	30.10933146245521	29.46399730813294	26.714778830846143
	1	2	3	4	5	6	7	8	9	12	17	22	27	32	37	42	47	52	57	62	67	72	77	82	87	92	97	102	107	112	117	122	127	132	137	142	145
MAR2975_R1	40.5402485955813	40.52742041797625	40.489982447479704	40.493638264851775	40.58182071708162	40.15151837089729	39.94858079458546	39.87222005287975	39.71013543762675	39.70257526348572	39.669288350392534	39.52726928191472	39.493731633124995	39.40996905515955	39.378746714808194	39.34824705919308	39.262695467475986	39.22356164719409	39.15056630054011	39.100662388649525	38.999150083114614	38.727564862985375	38.864022798611835	38.76568005992323	38.628865915140594	38.46526549559629	38.29798346492829	38.121247181521866	37.7986217964352	37.49518231457804	37.30055671088294	36.78144627353073	36.421052604696456	35.96233959031861	35.43691698779036	35.03062351669966	32.70051206981577
	1	2	3	4	5	6	7	8	9	12	17	22	27	32	37	42	47	52	57	62	67	72	77	82	87	92	97	102	107	112	117	122	127	132	137	142	147	150
MAR2975_R2	29.946956554383828	30.36442714759159	34.711528555598434	35.002102829217016	36.37304455908902	38.82535842460959	37.99206854906572	38.341661224866094	38.502364214412985	38.53624356656589	38.48872948407134	38.51533627518306	38.34612180728901	38.1472683778565	38.050346083193276	37.95910561570834	37.759263596052485	37.457302581392696	37.16128449818511	37.0382825754014	36.94046955354081	36.815364035389024	36.436555160193244	36.71802996008098	36.50566617215873	35.99365810816367	35.803372341487815	35.34284748205738	34.762324420528046	34.255040903527025	33.68389175103054	32.76857335270504	32.20419033541326	31.390248940349267	30.79257196137475	29.983574692192434	29.30433409088646	26.540604728122368
	1	2	3	4	5	6	7	8	9	12	17	22	27	32	37	42	47	52	57	62	67	72	77	82	87	92	97	102	107	112	117	122	127	132	137	142	145
MAR2977_R1	39.89233202589368	40.42223412736376	40.463378934277245	40.514421378232726	40.55042762843203	40.1546726617558	39.9454491533531	39.86300583564527	39.69270512452565	39.68638132593513	39.644733314200074	39.51722146752129	39.48612417487803	39.39264938295226	39.36768506648809	39.333471858158745	39.24234101852737	39.20152211486336	39.11805644312638	39.066260913932204	38.964526419847566	38.68166803788386	38.82536573232564	38.7264604100896	38.586378392168115	38.41516783060684	38.24789731815428	38.068597595586596	37.734519212985106	37.42671296916356	37.224730635543224	36.67737389585127	36.32988386109251	35.864436110845375	35.319772696833446	34.89467406486177	32.558525144296695
	1	2	3	4	5	6	7	8	9	12	17	22	27	32	37	42	47	52	57	62	67	72	77	82	87	92	97	102	107	112	117	122	127	132	137	142	147	150
MAR2977_R2	29.060754488344653	30.274798303517333	33.54283937625562	34.55298319461718	35.90778723811346	37.58797283076629	37.668201792148984	37.31532701935649	37.64679167065276	37.816857807965825	37.8279044612392	37.35473720463025	37.633701839982145	37.49818438087949	37.43825606683887	36.87373015721165	36.880399630090245	37.142027105456165	36.654641155649095	36.8428615708409	36.94517771612615	36.80395918237189	36.48585184476546	36.72114825090085	36.49375719889027	35.959140278707864	35.77213635638891	35.28496316846838	34.70821225166618	34.1754591664275	33.586702126981095	32.69038489747759	32.10132555247297	31.273517395325104	30.640730635543225	29.8270527759176	29.1529556427182	26.45675882521764
	1	2	3	4	5	6	7	8	9	12	17	22	27	32	37	42	47	52	57	62	67	72	77	82	87	92	97	102	107	112	117	122	127	132	137	142	145
MAR2979_R1	39.965778504197736	40.47974841824408	40.500148018025065	40.54347900479741	40.57547235403521	40.188444599433346	39.97931414150632	39.898329813491856	39.72830110071092	39.72005038587891	39.683192268081555	39.554729515391706	39.528295017034296	39.43366435052407	39.41076615216144	39.37536654151675	39.287433351149815	39.24863198753716	39.16393775746988	39.11934630894648	39.01357637621456	38.733174071370215	38.874914231023276	38.776865733256855	38.642918111539856	38.47414578661939	38.312254914741615	38.12776856173193	37.794331479984706	37.494332729311154	37.296682223496894	36.769203179590136	36.411456269228765	35.945428660200584	35.40780437937808	34.98843368140655	32.67494535554744
	1	2	3	4	5	6	7	8	9	12	17	22	27	32	37	42	47	52	57	62	67	72	77	82	87	92	97	102	107	112	117	122	127	132	137	142	147	150
MAR2979_R2	30.925994789765518	31.52709598955346	34.21352401314074	34.07481890198328	34.3015214080235	36.73603932010568	37.529519411273924	36.43444648320036	37.77823885166258	37.9958063370183	38.068813335419165	37.60928857920078	37.89264440041021	37.78902146234204	37.76799660183205	37.26996059733013	37.293971402374375	37.471952240965734	36.99443414202778	37.14097654959935	37.229816642331954	37.08416603657159	36.764894795849195	36.98838191583668	36.76871909275	36.25306736802768	36.071826221949905	35.61964821139908	35.05772029427614	34.54021848003685	33.965618155863794	33.08005700187725	32.50620328605447	31.685181956249675	31.07627577957971	30.267169330447935	29.583584122038552	26.841942278945265
	1	2	3	4	5	6	7	8	9	12	17	22	27	32	37	42	47	52	57	62	67	72	77	82	87	92	97	102	107	112	117	122	127	132	137	142	145
MAR2980_R1	40.491983029576915	40.40369696539674	40.33315098379382	40.35160602100125	40.54531864498765	40.109463345305215	39.91335399841085	39.83654241441262	39.68645068898336	39.63201111862777	39.55644940531482	39.36494360795355	39.40840234180139	39.30755441644266	39.282914263399036	39.270821889094286	39.188223505650036	39.15646077959303	39.071399810753675	39.02283575921412	38.915494529243	38.63018560113873	38.7945822688002	38.683977487595264	38.54113702701283	38.36592710387587	38.196254612676036	38.008984163213306	37.661130354102944	37.350979460761714	37.124428103999904	36.56550419737947	36.190044906733625	35.69076858164375	35.12757065457888	34.67760648355524	32.307008559415166
	1	2	3	4	5	6	7	8	9	12	17	22	27	32	37	42	47	52	57	62	67	72	77	82	87	92	97	102	107	112	117	122	127	132	137	142	147	150
MAR2980_R2	30.57722132882984	31.314155397555396	34.85847256442852	35.60993591948311	35.949647695273335	38.77955078100669	38.92991548911292	38.88707291616453	39.10781732475893	39.03307271792711	38.98423741693391	38.956465112651394	38.8217971251241	38.690375248270705	38.555165845100746	38.45292993282135	38.34351858421651	38.21037799976277	37.94229839498102	37.813374959580685	37.69845336897996	37.556579072086386	37.24202947454626	37.458389911340205	37.243441834920226	36.75259742475508	36.60388079539786	36.16159317889952	35.62223703887457	35.15668469038402	34.62720965665387	33.780824266860066	33.247285799321986	32.44848670644775	31.87402174437014	31.086483078594636	30.408545657706803	27.566625376231336
	1	2	3	4	5	6	7	8	9	12	17	22	27	32	37	42	47	52	57	62	67	72	77	82	87	92	97	102	107	112	117	122	127	132	137	142	145
MAR2981_R1	39.73659922664145	40.283584257016365	40.30007289134618	40.38094677173616	40.50244782009867	40.09793284642993	39.8979394569331	39.81640980056323	39.6498708314712	39.59222576696781	39.53047923686664	39.34029189590989	39.39742028629807	39.29400838760334	39.283230454447484	39.25920015021313	39.178111498794465	39.13566278557462	39.056241035823646	39.00250200512736	38.89912414349152	38.59975808371358	38.775021088559996	38.66138815643966	38.52702876518262	38.34707406119428	38.17108277580654	37.97981581309716	37.632728249598536	37.31312961966048	37.0878500006505	36.513734129078514	36.12915692525807	35.63574010736441	35.032583170151185	34.60645592992023	32.222242479585674
	1	2	3	4	5	6	7	8	9	12	17	22	27	32	37	42	47	52	57	62	67	72	77	82	87	92	97	102	107	112	117	122	127	132	137	142	147	150
MAR2981_R2	30.324124925851603	31.018698933423444	34.13026629427499	34.977521827846324	35.608603358909185	38.172478576519566	38.59239742907686	38.53018696823688	38.75476931981087	38.69605940170023	38.705737740944926	38.470525559616014	38.49636214868077	38.260732802406785	38.20115079014852	37.88246525354269	37.83157429484743	37.97701760116795	37.67280090887386	37.60912172081243	37.55247174801043	37.40058587342504	37.11656743293416	37.3252371078486	37.09631685970156	36.61142351208298	36.44263640931532	35.993186048040776	35.451204676298076	34.97639318991589	34.41822114875778	33.56097018276283	33.01813577481251	32.21227837672766	31.61152801429275	30.82055128080257	30.15363350878124	27.382125586198676
	1	2	3	4	5	6	7	8	9	12	17	22	27	32	37	42	47	52	57	62	67	72	77	82	87	92	97	102	107	112	117	122	127	132	137	142	145
MAR2990_R1	40.357036803880156	40.56493839789825	40.57513846836197	40.4043494356643	40.362888511731136	40.108422918235256	39.97565138700856	39.9256532648488	39.77173009891747	39.77160998867931	39.74500210139264	39.606822533367435	39.581446008516444	39.50606749852009	39.4684669133493	39.40269572013385	39.15674185777417	39.28525602116058	39.17037383327998	39.12660949686401	39.01898628818945	37.85665447560864	37.47630319429565	37.3943312832087	37.25678617480367	37.084234619147175	36.90515690696465	36.71368974144823	36.35371349165614	36.02121179712888	35.77121825332243	35.216858570015724	34.840229489960706	34.36599199145851	33.829477227163224	33.412715088714535	31.163738368568175
	1	2	3	4	5	6	7	8	9	12	17	22	27	32	37	42	47	52	57	62	67	72	77	82	87	92	97	102	107	112	117	122	127	132	137	142	147	150
MAR2990_R2	29.40977693046447	30.964489146977662	33.52631211850782	34.638014997683996	35.74567426089103	37.82299799875884	38.07703151015912	38.76684842967846	38.90944339027064	38.97196652794494	38.93430778337951	38.93044651463911	38.79948092919112	38.62413335884811	38.54574729993401	38.437314938845006	38.213386675918755	37.956524314454185	37.64133580612105	37.636612233145485	37.238678358159575	35.88248533049094	35.605971460405286	35.791015267735304	35.58981209078731	35.100826714691685	34.89974636637915	34.44206254817554	33.92397708677232	33.412143080695266	32.82844209008984	31.99186820065349	31.4612896291355	30.694756748153008	30.129986461666128	29.380524471835077	28.74760074612852	26.09268965739252
	1	2	3	4	5	6	7	8	9	12	17	22	27	32	37	42	47	52	57	62	67	72	77	82	87	92	97	102	107	112	117	122	127	132	137	142	145
SOR3003_R1	40.200464939264585	40.47445306610234	40.46477709337813	40.538175198229446	40.58636525609233	40.16294957663377	39.97898779958645	39.91448899102362	39.75828854838593	39.750821885597794	39.69328490013987	39.551955484125884	39.48340249244292	39.4148934736393	39.37662470577683	39.36335599851646	39.2689673160787	39.244861596937895	39.15949937822251	39.11457427029019	39.019796280001074	38.74011296230308	38.87530750714498	38.75368138327916	38.60957256131114	38.454761361074546	38.28428107735978	38.11188518569694	37.76663767462493	37.45947610701845	37.252469244437336	36.70506415337663	36.33446261699234	35.86520242311413	35.33434563071023	34.86648001221738	32.47604205300502
	1	2	3	4	5	6	7	8	9	12	17	22	27	32	37	42	47	52	57	62	67	72	77	82	87	92	97	102	107	112	117	122	127	132	137	142	147	150
SOR3003_R2	29.87175263679711	30.335447134369385	34.73803411655479	35.033076622863476	36.50778858111106	38.854574852070286	38.025003939136106	38.40727443294621	38.582050629413345	38.58259454532673	38.54526869756404	38.56997573492159	38.40400196835601	38.190370327275545	38.10437910730692	38.02718546907233	37.81700649896855	37.52407435149699	37.20970515869264	37.10076959811115	36.98767620058808	36.87909819236074	36.515164340758304	36.774943749136426	36.569085902256084	36.038390990165496	35.8486018612115	35.39149272653669	34.79573598818986	34.28116627517714	33.69008365513045	32.804400293798956	32.20625520268977	31.40112831402551	30.774130711444343	29.951531366431773	29.26619687923457	26.43915925503058
	1	2	3	4	5	6	7	8	9	12	17	22	27	32	37	42	47	52	57	62	67	72	77	82	87	92	97	102	107	112	117	122	127	132	137	142	145
SOR3005_R1	40.24285310276674	40.51833760720425	40.4926174837863	40.55615453300413	40.60687600690174	40.204506788940684	40.00880608065382	39.938205228421715	39.78270305653267	39.77191250162851	39.741080320174895	39.604432369567505	39.57323749694156	39.488636714616646	39.45137447053253	39.42470831228174	39.33990937487091	39.30541698045459	39.23137701261189	39.17964061353085	39.08173395232966	38.80864917080549	38.94022173287195	38.84199222759237	38.711393599679695	38.54775219810425	38.38360320683311	38.20289669942771	37.88420898434397	37.58693790653409	37.38031782347165	36.872013549282975	36.51362643508324	36.05119220344261	35.51154523471336	35.09585730037527	32.71750793605399
	1	2	3	4	5	6	7	8	9	12	17	22	27	32	37	42	47	52	57	62	67	72	77	82	87	92	97	102	107	112	117	122	127	132	137	142	147	150
SOR3005_R2	31.389914935669506	31.77796684492998	35.71457056335656	35.35265949164768	35.244273171847745	38.23555828829087	38.29948713548965	37.69039252882877	38.18890096376584	38.61823941938908	38.630600598024174	38.68092468136624	38.53679564541806	38.367672631020355	38.28544945551838	38.187749211161	38.01204227477971	37.710460783659514	37.402161148765664	37.27831657149757	37.17875933816964	37.06799553865073	36.69948103449919	36.97354635958349	36.75631608214729	36.243795260928565	36.08424228558356	35.62025973695834	35.053592180563896	34.533569556057614	33.958894767447404	33.048299253581945	32.48532362259019	31.67502356189804	31.08638462296197	30.263195266648232	29.58910299552276	26.782502708903316
	1	2	3	4	5	6	7	8	9	12	17	22	27	32	37	42	47	52	57	62	67	72	77	82	87	92	97	102	107	112	117	122	127	132	137	142	145
SOR3006_R1	40.246121244101104	40.53361748259696	40.56787643032341	40.55325514293152	40.61566664006234	40.22006611222495	40.02817934174876	39.95651433291716	39.7987195515582	39.79338719816661	39.76060752627976	39.624686353305286	39.5949147002261	39.50818861472017	39.48848823209728	39.454191154634415	39.36965837504713	39.33549971529609	39.25586440704735	39.20857541156566	39.11194399892379	38.830249120858575	38.9676950320507	38.871938911198605	38.74238077900293	38.578245688054196	38.41867324874661	38.23197787572808	37.91226612751069	37.616235427432365	37.40951963018668	36.892937622627855	36.54389502590256	36.07835407013785	35.54916713882298	35.12717079329875	32.78486142294423
	1	2	3	4	5	6	7	8	9	12	17	22	27	32	37	42	47	52	57	62	67	72	77	82	87	92	97	102	107	112	117	122	127	132	137	142	147	150
SOR3006_R2	31.412445297788448	31.80321728111853	35.779634095542626	35.47212143757003	35.39660509973944	38.364931754258365	38.405539077480356	37.81882988525262	38.270391159767264	38.67246155933137	38.683802110052234	38.74275113380971	38.60114834808275	38.43573010125532	38.34943720565437	38.2438648774645	38.055338995072745	37.74534593005957	37.46634410564193	37.342009239692494	37.24435892829494	37.1059559381565	36.744769753642984	37.01366843881573	36.80115742927738	36.297894262743775	36.12763748773544	35.66897449340612	35.106441697461406	34.60340228930712	34.03528557395829	33.15628769788614	32.58997955039062	31.748329751149885	31.163792036130747	30.358162315918968	29.687628902904258	26.844830022316614
	1	2	3	4	5	6	7	8	9	12	17	22	27	32	37	42	47	52	57	62	67	72	77	82	87	92	97	102	107	112	117	122	127	132	137	142	145
SOR3007_R1	40.12924259084453	40.36266463178381	40.31279043550452	40.41275178092065	40.555885905501256	40.13014422778311	39.941882526012215	39.86966534321926	39.716115412258304	39.65575260520292	39.58874061818667	39.39073709672906	39.44961510363592	39.34150326061312	39.32884844604705	39.31620841987387	39.23206191831847	39.19783602584465	39.122896959711184	39.07193019696547	38.96349897015907	38.66507557210035	38.83025300210063	38.72636963838285	38.59034618262664	38.40428822441227	38.230795121832465	38.043995878361144	37.69214888771947	37.37273293368271	37.15581469370167	36.58908325387416	36.20049415983614	35.699240399887245	35.09986055683077	34.66441964999741	32.297188908523324
	1	2	3	4	5	6	7	8	9	12	17	22	27	32	37	42	47	52	57	62	67	72	77	82	87	92	97	102	107	112	117	122	127	132	137	142	147	150
SOR3007_R2	30.521599812892703	31.276684915543488	34.77165083284816	35.55177837249869	35.895563004355296	38.71391626447926	38.89745432604857	38.88642309501042	39.118082587031395	39.04438665595532	38.978887089255224	38.953400454435936	38.81290025638523	38.68370011960397	38.54293696117637	38.44967416620197	38.335779743041435	38.2110320500876	37.947174450025365	37.794437607656654	37.678576191734024	37.541746381792166	37.22943572725562	37.45208471974517	37.23133919818244	36.7287969824398	36.56749538545263	36.12892530018731	35.57983623106204	35.105369392440494	34.562855925333636	33.695610691234506	33.15114315414579	32.35110561437923	31.748765044061447	30.96633456486519	30.280273489712624	27.467473612388034
	1	2	3	4	5	6	7	8	9	12	17	22	27	32	37	42	47	52	57	62	67	72	77	82	87	92	97	102	107	112	117	122	127	132	137	142	145
SOR3011_R1	40.44429394292597	40.45927684823564	40.489079140090716	40.49972381281887	40.55459931421826	40.15202309602839	39.9635358140991	39.8893157437661	39.73242646890202	39.716492462682325	39.695894283124765	39.54910119518257	39.524022102951015	39.4381485288795	39.39971204744437	39.375551152956845	39.29081373517738	39.25204184086233	39.17342311577029	39.1243093575607	39.02181539728579	38.74275447358424	38.88139445611565	38.778822026775195	38.64751665847411	38.4826099788323	38.31630341903777	38.136657516927684	37.80832699365767	37.49866323410203	37.299796000370904	36.77030359651546	36.405454248147706	35.93901946571241	35.395453580113724	34.983399255989625	32.630464293583984
	1	2	3	4	5	6	7	8	9	12	17	22	27	32	37	42	47	52	57	62	67	72	77	82	87	92	97	102	107	112	117	122	127	132	137	142	147	150
SOR3011_R2	31.38292305744195	31.114570818082385	33.49006723213582	34.888780818052474	35.614460143796805	38.75964785635874	38.46570792158677	38.468976801273854	38.864690715225095	38.88680144335222	38.807376490987025	38.79946995990799	38.63961700714797	38.4513038128787	38.34177445777078	38.24086413684527	38.027774758884604	37.7319095900764	37.46186044471121	37.328118247996144	37.22397155172328	37.10249784883089	36.72385549328327	36.99682853362553	36.78769521298817	36.28526695933867	36.10936783047491	35.648237636635386	35.080637085058676	34.5828591455347	34.01251766052507	33.10995081475219	32.55172507310984	31.73259796419139	31.139751311889114	30.342031401585132	29.66368497511823	26.85320651323156
	1	2	3	4	5	6	7	8	9	12	17	22	27	32	37	42	47	52	57	62	67	72	77	82	87	92	97	102	107	112	117	122	127	132	137	142	145
SOR3012_R1	40.40843167991333	40.476583059997644	40.502457248175446	40.50768876263823	40.551096270815044	40.148885087374985	39.96055020890635	39.883478311273855	39.71947797207164	39.71338871966546	39.684198006793345	39.53943086303708	39.50847479580777	39.4117699593494	39.38906552292066	39.35917930236693	39.27094414505833	39.23705304829374	39.15828771576285	39.112171169743156	39.00304272981934	38.72758812548908	38.872164485884994	38.76988635652085	38.6353871646308	38.471191318999296	38.30176503232976	38.12611388392629	37.79963875678807	37.50044164272631	37.298071520860404	36.773077863011686	36.417959326504686	35.94623694849672	35.41817351052475	34.99063472679372	32.629791544490054
	1	2	3	4	5	6	7	8	9	12	17	22	27	32	37	42	47	52	57	62	67	72	77	82	87	92	97	102	107	112	117	122	127	132	137	142	147	150
SOR3012_R2	31.343074782282624	31.196706160348906	33.55805098982286	36.16511526971765	35.476185892837144	38.41325743981755	38.36252201862535	37.821985027155854	38.38136241217149	38.616988306468485	38.54281372538145	38.58136534619916	38.42540331251725	38.23028667955015	38.131377458008515	38.044238625186196	37.835257566481665	37.51420738494765	37.22856834119736	37.10718453924852	37.01695982493158	36.886953345024125	36.51356426039424	36.79442742271074	36.56843530093284	36.054835116590034	35.86585468047186	35.40567398014808	34.82761635656021	34.31367661218559	33.7227083365387	32.810101571028696	32.241386964973785	31.41881362948884	30.828073492383872	30.010659107848063	29.332393561884544	26.56891601632035
	1	2	3	4	5	6	7	8	9	12	17	22	27	32	37	42	47	52	57	62	67	72	77	82	87	92	97	102	107	112	117	122	127	132	137	142	145
SOR3013_R1	40.460079239953416	40.4681042567849	40.50473725613901	40.51819788089501	40.56958881646481	40.171091951063886	39.97900936371452	39.89987629755586	39.746759328356994	39.734135031189574	39.70710370084082	39.56525238752887	39.53631716055313	39.455622171805615	39.41991974331417	39.396463530916165	39.310774430743905	39.27408681460992	39.199651769146996	39.154299898261584	39.05207540504729	38.77704798260085	38.91198942598285	38.80956380224033	38.67823462664738	38.5186218452781	38.35248164178822	38.17401974937546	37.85159089294525	37.54673130304036	37.35190647104561	36.83868718988847	36.48517832248275	36.02603388977708	35.503297015564485	35.0828559361857	32.75434930102905
	1	2	3	4	5	6	7	8	9	12	17	22	27	32	37	42	47	52	57	62	67	72	77	82	87	92	97	102	107	112	117	122	127	132	137	142	147	150
SOR3013_R2	31.34531719770297	31.222722731203973	33.65729828126599	36.169694595741326	35.517543848214885	38.4698405229133	38.395494897762994	37.87043439892539	38.42736717792231	38.63073536475601	38.55364612628208	38.589822182624694	38.429158908107595	38.23256463583056	38.13407402724452	38.0467200929137	37.845592236856945	37.522394509123544	37.23283113703924	37.10537955729124	37.014544683108625	36.88285880389252	36.508601425902036	36.78544143458337	36.562357111619626	36.05659627967181	35.867796630053434	35.40595290312952	34.82164734114697	34.309769820905196	33.7281079587337	32.829633774286705	32.25399813729408	31.443424054976543	30.837297329708726	30.037988251526563	29.354802398706404	26.578405385553403
	1	2	3	4	5	6	7	8	9	12	17	22	27	32	37	42	47	52	57	62	67	72	77	82	87	92	97	102	107	112	117	122	127	132	137	142	145
SOR3017_R1	40.265288603542025	40.46198707350068	40.510986092919055	40.46521177938584	40.54974220962497	40.153345310267	39.951135542147114	39.86592276070707	39.70662715710063	39.69865719964021	39.662079167054365	39.52430177101152	39.48313662054831	39.39803110662573	39.38175745993573	39.33770372119989	39.249528008608124	39.211137116803734	39.126082564495306	39.078206227528334	38.97172393883652	38.67945535967782	38.819269884215025	38.7177799250368	38.57295073949215	38.403429124944225	38.227111387868945	38.030512932463935	37.687622292366015	37.37390545857103	37.15801555092702	36.61481809137303	36.24462700917834	35.75999408310847	35.222908009037575	34.768924581105544	32.360319607576486
	1	2	3	4	5	6	7	8	9	12	17	22	27	32	37	42	47	52	57	62	67	72	77	82	87	92	97	102	107	112	117	122	127	132	137	142	147	150
SOR3017_R2	30.126876764032936	30.675687540410223	34.16380961924326	36.30649736722185	35.20231235938436	38.738621316556085	38.36343122448639	38.506379029391205	38.72677942162385	38.70346896852834	38.67622569123847	38.6352110397744	38.477130784775454	38.28122517828215	38.17358184277769	38.05420149401511	37.830656751101664	37.5217822249898	37.22776863999771	37.11364945757852	37.00696637630953	36.85847272623163	36.48645847797509	36.746280923512245	36.52915610334519	35.993359529893425	35.807013043405654	35.34766690763684	34.74208804239167	34.23479943407796	33.63951653270156	32.717591347977645	32.13051307561453	31.302353825341946	30.693572394837993	29.873729908216603	29.177534803490012	26.382960783892692
	1	2	3	4	5	6	7	8	9	12	17	22	27	32	37	42	47	52	57	62	67	72	77	82	87	92	97	102	107	112	117	122	127	132	137	142	145
SOR3020_R1	40.536960769823814	40.52399167500869	40.47556142410855	40.48700809218169	40.58004770842408	40.16674940442463	39.96143315575588	39.88388298372244	39.726488080498314	39.71703639980392	39.6860686644098	39.547673444143435	39.51494633874697	39.42641332404175	39.39812457615585	39.37633000783442	39.28855563272547	39.251730843999226	39.17455706701992	39.1281012133008	39.02102040808368	38.75576071226486	38.89192119413788	38.78982953422087	38.662441334509985	38.508310133614	38.338357705550024	38.15800785157275	37.835825852163154	37.53723125014868	37.341755478143	36.82881364194192	36.478530936187155	36.01612306074849	35.506495856417686	35.0814650393651	32.75567975535101
	1	2	3	4	5	6	7	8	9	12	17	22	27	32	37	42	47	52	57	62	67	72	77	82	87	92	97	102	107	112	117	122	127	132	137	142	147	150
SOR3020_R2	31.316368388274974	31.17938117876542	33.52834642383752	36.09956686491231	35.423564935361206	38.39044981392779	38.314688415323005	37.7764817045564	38.3279690928653	38.54587164585483	38.464135892185354	38.501733359279065	38.33420761080782	38.13740408302061	38.041780240975505	37.9423408169083	37.74076917647399	37.424303842684644	37.13728966703544	37.00791622909247	36.918325081005655	36.78968142518485	36.41406716070143	36.68994375522311	36.47163540375311	35.96038789124788	35.774146900921764	35.32063477083851	34.738546683008835	34.235835679302994	33.65603255747025	32.75563849696236	32.17909291599706	31.36502263556871	30.771756644140936	29.961744816476216	29.286000498376374	26.508397914930505
	1	2	3	4	5	6	7	8	9	12	17	22	27	32	37	42	47	52	57	62	67	72	77	82	87	92	97	102	107	112	117	122	127	132	137	142	145
SOR3021_R1	40.27487763925394	40.47247009603883	40.51172040190353	40.46831943634059	40.552187623974085	40.14455578692428	39.948892493244806	39.861898746148064	39.701002915007976	39.68590494611607	39.65645943999253	39.507133056047735	39.47778324973726	39.38823011254988	39.37304441387285	39.33319599904598	39.238680032522474	39.20140682888647	39.11784685531842	39.06371264123752	38.95267522314591	38.66656632758361	38.81755357018591	38.71601583061668	38.5756545385443	38.40210039975043	38.23127974262758	38.03611814436338	37.7000754178763	37.39330755564596	37.17538326020535	36.63902690717118	36.257599332420945	35.78440913841024	35.234573029544414	34.799746862396276	32.425178388852906
	1	2	3	4	5	6	7	8	9	12	17	22	27	32	37	42	47	52	57	62	67	72	77	82	87	92	97	102	107	112	117	122	127	132	137	142	147	150
SOR3021_R2	31.35476973459212	31.236587305410875	33.65579114720225	36.18491892280909	35.52004610720639	38.513803017785655	38.45558701932256	37.92624363661669	38.46943345591712	38.69689912383223	38.62368692302797	38.65852593738532	38.498765835226216	38.29307012018683	38.20812205324573	38.10925825804928	37.90536156864424	37.58996799498483	37.308116997631	37.17623171131369	37.07745796553736	36.94302768276196	36.56515301561471	36.84336397035863	36.635795655621045	36.11753090913632	35.9362169370231	35.47952012104926	34.89955445164721	34.39742431298657	33.820985856769084	32.914433244770855	32.3412044496547	31.526095655799473	30.930785125072937	30.12409636834376	29.42758973864851	26.661482728533116

