	37	42	47	52	57	62	67	72	77	82	87	92	97	102	107	112	117	122	127	132	137	142	146
CAB2918_trim_R1	2336.0	3168.0	3317.0	3377.0	3603.0	3815.0	3788.0	3669.0	3936.0	4252.0	4699.0	5028.0	5574.0	7487.0	10702.0	16505.0	19068.0	22172.0	24228.0	26018.0	29069.0	45536.0	1452636.0
	37	42	47	52	57	62	67	72	77	82	87	92	97	102	107	112	117	122	127	132	137	142	147	151
CAB2918_trim_R2	5805.0	7357.0	7552.0	7845.0	8615.0	8788.0	8988.0	8811.0	7798.0	8223.0	9330.0	11966.0	16698.0	21457.0	26341.0	29416.0	32349.0	36181.0	37097.0	40635.0	42441.0	46388.0	90065.0	1183837.0
	37	42	47	52	57	62	67	72	77	82	87	92	97	102	107	112	117	122	127	132	137	142	146
CAB2919_trim_R1	2412.0	3184.0	3292.0	3321.0	3451.0	3723.0	3890.0	3648.0	3870.0	4309.0	4758.0	5240.0	5773.0	8126.0	11262.0	17254.0	20494.0	23470.0	25456.0	27491.0	30539.0	47917.0	1566421.0
	37	42	47	52	57	62	67	72	77	82	87	92	97	102	107	112	117	122	127	132	137	142	147	151
CAB2919_trim_R2	6562.0	8301.0	8147.0	8748.0	9181.0	9436.0	9745.0	9481.0	8556.0	8771.0	10422.0	13071.0	18625.0	23320.0	28200.0	31681.0	34803.0	39852.0	40624.0	44046.0	46879.0	50698.0	97651.0	1262501.0
	37	42	47	52	57	62	67	72	77	82	87	92	97	102	107	112	117	122	127	132	137	142	146
CAB2920_trim_R1	1837.0	2461.0	2506.0	2637.0	2812.0	2961.0	3113.0	2991.0	2986.0	3432.0	3740.0	4086.0	4464.0	6103.0	8725.0	13190.0	15208.0	17314.0	18749.0	20329.0	22865.0	36975.0	1216487.0
	37	42	47	52	57	62	67	72	77	82	87	92	97	102	107	112	117	122	127	132	137	142	147	151
CAB2920_trim_R2	6005.0	7791.0	8184.0	8778.0	8996.0	9089.0	8884.0	8694.0	7852.0	8066.0	9191.0	11242.0	15337.0	19069.0	23514.0	26041.0	28615.0	31614.0	31973.0	35108.0	37344.0	39666.0	93231.0	931687.0
	37	42	47	52	57	62	67	72	77	82	87	92	97	102	107	112	117	122	127	132	137	142	146
CAB2921_trim_R1	2303.0	2923.0	2971.0	3045.0	3322.0	3417.0	3773.0	3599.0	3623.0	4196.0	4433.0	4522.0	5257.0	7401.0	10207.0	15204.0	17867.0	20554.0	22237.0	23759.0	26250.0	42076.0	1416509.0
	37	42	47	52	57	62	67	72	77	82	87	92	97	102	107	112	117	122	127	132	137	142	147	151
CAB2921_trim_R2	6747.0	8942.0	9507.0	10113.0	10293.0	10254.0	10496.0	10171.0	9109.0	9190.0	10584.0	12975.0	18129.0	22844.0	27480.0	30231.0	32940.0	37141.0	37891.0	41022.0	43654.0	46542.0	108162.0	1085031.0
	37	42	47	52	57	62	67	72	77	82	87	92	97	102	107	112	117	122	127	132	137	142	146
CAB2922_trim_R1	1879.0	2505.0	2599.0	2622.0	2792.0	3143.0	3236.0	2949.0	3135.0	3443.0	3965.0	4207.0	4715.0	6506.0	8993.0	13736.0	16039.0	18405.0	20025.0	21653.0	23673.0	39470.0	1331590.0
	37	42	47	52	57	62	67	72	77	82	87	92	97	102	107	112	117	122	127	132	137	142	147	151
CAB2922_trim_R2	7435.0	9288.0	10017.0	10158.0	10522.0	10620.0	10582.0	10251.0	9084.0	9405.0	10609.0	12934.0	18010.0	22312.0	27258.0	30240.0	32752.0	37020.0	37930.0	40717.0	42526.0	45420.0	99684.0	986506.0
	37	42	47	52	57	62	67	72	77	82	87	92	97	102	107	112	117	122	127	132	137	142	146
CAB2923_trim_R1	1784.0	2339.0	2558.0	2656.0	2927.0	3070.0	3097.0	3067.0	3073.0	3303.0	3836.0	3890.0	4277.0	6028.0	8828.0	13060.0	15081.0	17480.0	19034.0	20477.0	22239.0	36527.0	1253984.0
	37	42	47	52	57	62	67	72	77	82	87	92	97	102	107	112	117	122	127	132	137	142	147	151
CAB2923_trim_R2	6619.0	8461.0	9228.0	9519.0	10002.0	9967.0	10107.0	9652.0	8833.0	9014.0	9776.0	12265.0	17051.0	21745.0	25989.0	27848.0	31178.0	34234.0	34982.0	38176.0	40130.0	42793.0	94042.0	931004.0
	37	42	47	52	57	62	67	72	77	82	87	92	97	102	107	112	117	122	127	132	137	142	146
CAB2924_trim_R1	1644.0	2326.0	2451.0	2532.0	2627.0	2868.0	2917.0	2806.0	2913.0	3246.0	3469.0	3727.0	4170.0	5845.0	8322.0	12459.0	14129.0	16479.0	17740.0	19453.0	21122.0	36226.0	1182433.0
	37	42	47	52	57	62	67	72	77	82	87	92	97	102	107	112	117	122	127	132	137	142	147	151
CAB2924_trim_R2	5854.0	7335.0	7928.0	8413.0	8787.0	8845.0	8777.0	8426.0	7586.0	7918.0	8782.0	10862.0	15077.0	19114.0	23188.0	25170.0	27500.0	31231.0	31873.0	34930.0	36630.0	39201.0	68972.0	919505.0
	37	42	47	52	57	62	67	72	77	82	87	92	97	102	107	112	117	122	127	132	137	142	146
CAB2925_trim_R1	1728.0	2296.0	2506.0	2651.0	2747.0	2840.0	2856.0	2787.0	2893.0	3331.0	3508.0	3777.0	4216.0	5763.0	8181.0	12408.0	14587.0	16725.0	17941.0	19207.0	21303.0	34548.0	1197604.0
	37	42	47	52	57	62	67	72	77	82	87	92	97	102	107	112	117	122	127	132	137	142	147	151
CAB2925_trim_R2	5852.0	7548.0	7882.0	8377.0	8834.0	8644.0	8835.0	8691.0	7948.0	7863.0	8746.0	11231.0	15066.0	19261.0	23694.0	25641.0	28051.0	31454.0	32404.0	35335.0	37183.0	39689.0	69948.0	928226.0
	37	42	47	52	57	62	67	72	77	82	87	92	97	102	107	112	117	122	127	132	137	142	146
CAB2927_trim_R1	2458.0	3036.0	3337.0	3359.0	3544.0	3652.0	3633.0	3502.0	3713.0	4104.0	4630.0	4922.0	5594.0	7504.0	10453.0	16297.0	19212.0	21878.0	23837.0	25683.0	28724.0	45318.0	1414811.0
	37	42	47	52	57	62	67	72	77	82	87	92	97	102	107	112	117	122	127	132	137	142	147	151
CAB2927_trim_R2	5881.0	7296.0	7530.0	7793.0	8292.0	8728.0	8912.0	8714.0	7533.0	8162.0	9410.0	12157.0	16731.0	21396.0	26161.0	28999.0	31559.0	35736.0	37127.0	39757.0	42392.0	45634.0	88326.0	1148975.0
	37	42	47	52	57	62	67	72	77	82	87	92	97	102	107	112	117	122	127	132	137	142	146
CAB2931_trim_R1	1874.0	2467.0	2580.0	2685.0	2884.0	3002.0	3173.0	2955.0	3119.0	3456.0	3868.0	4049.0	4686.0	6126.0	8675.0	13453.0	15837.0	17873.0	19628.0	20883.0	22905.0	37146.0	1303955.0
	37	42	47	52	57	62	67	72	77	82	87	92	97	102	107	112	117	122	127	132	137	142	147	151
CAB2931_trim_R2	6800.0	8668.0	9388.0	9680.0	10064.0	9778.0	9862.0	9690.0	8694.0	8662.0	9891.0	12659.0	17118.0	21504.0	26515.0	29222.0	31485.0	35190.0	36045.0	39159.0	41769.0	44722.0	95390.0	975324.0
	37	42	47	52	57	62	67	72	77	82	87	92	97	102	107	112	117	122	127	132	137	142	146
ESM2880_trim_R1	3596.0	4913.0	5219.0	5233.0	5754.0	5864.0	6160.0	5809.0	6235.0	7120.0	7463.0	8108.0	9062.0	12590.0	17572.0	26340.0	30622.0	34943.0	38342.0	41292.0	45733.0	72812.0	2459094.0
	37	42	47	52	57	62	67	72	77	82	87	92	97	102	107	112	117	122	127	132	137	142	147	151
ESM2880_trim_R2	13008.0	16803.0	17929.0	18953.0	19269.0	19380.0	19321.0	18574.0	16777.0	16821.0	19206.0	24337.0	33176.0	40954.0	51016.0	55194.0	61083.0	68333.0	69816.0	75779.0	78872.0	83985.0	184180.0	1837110.0
	37	42	47	52	57	62	67	72	77	82	87	92	97	102	107	112	117	122	127	132	137	142	146
ESM2882_trim_R1	5164.0	6573.0	7202.0	7232.0	8025.0	8069.0	8551.0	8226.0	8501.0	9388.0	10390.0	11120.0	12467.0	17145.0	24019.0	36213.0	42489.0	48224.0	52464.0	56908.0	63126.0	100285.0	3380386.0
	37	42	47	52	57	62	67	72	77	82	87	92	97	102	107	112	117	122	127	132	137	142	147	151
ESM2882_trim_R2	16076.0	20915.0	22580.0	23997.0	24723.0	25425.0	24620.0	24030.0	21732.0	21777.0	24937.0	31791.0	43035.0	53642.0	67318.0	74099.0	81363.0	91351.0	92445.0	100793.0	104352.0	113413.0	197201.0	2630552.0
	37	42	47	52	57	62	67	72	77	82	87	92	97	102	107	112	117	122	127	132	137	142	146
ESM2883_trim_R1	4154.0	5241.0	5540.0	5484.0	6184.0	6243.0	6293.0	6216.0	6363.0	7181.0	7877.0	8444.0	9420.0	13342.0	18554.0	28242.0	32718.0	37390.0	40860.0	43677.0	49040.0	75678.0	2500663.0
	37	42	47	52	57	62	67	72	77	82	87	92	97	102	107	112	117	122	127	132	137	142	147	151
ESM2883_trim_R2	10844.0	14027.0	14187.0	14621.0	16171.0	16187.0	16230.0	15939.0	14268.0	14613.0	17526.0	22114.0	30643.0	38662.0	48410.0	52806.0	58407.0	64961.0	66192.0	71722.0	75125.0	80920.0	154845.0	1995384.0
	37	42	47	52	57	62	67	72	77	82	87	92	97	102	107	112	117	122	127	132	137	142	146
ESM2886_trim_R1	2840.0	3684.0	4005.0	4085.0	4286.0	4570.0	4913.0	4603.0	4852.0	5516.0	5894.0	6397.0	7187.0	9579.0	13458.0	20329.0	23781.0	26798.0	29656.0	31375.0	34929.0	54777.0	1905223.0
	37	42	47	52	57	62	67	72	77	82	87	92	97	102	107	112	117	122	127	132	137	142	147	151
ESM2886_trim_R2	9307.0	12269.0	12945.0	13310.0	14004.0	13859.0	14041.0	13382.0	11984.0	12566.0	14113.0	18351.0	24373.0	30105.0	37853.0	41237.0	45997.0	51069.0	52035.0	54947.0	57918.0	63162.0	144862.0	1449048.0
	37	42	47	52	57	62	67	72	77	82	87	92	97	102	107	112	117	122	127	132	137	142	146
ESM2887_trim_R1	3046.0	3931.0	4393.0	4421.0	4728.0	4795.0	5201.0	5084.0	5267.0	5920.0	6468.0	6911.0	7819.0	10724.0	15182.0	22629.0	26549.0	30829.0	33569.0	35959.0	39575.0	64165.0	2315079.0
	37	42	47	52	57	62	67	72	77	82	87	92	97	102	107	112	117	122	127	132	137	142	147	151
ESM2887_trim_R2	13019.0	15910.0	16961.0	17674.0	18482.0	17703.0	17663.0	16819.0	14980.0	15746.0	17720.0	22783.0	31107.0	38920.0	47423.0	52523.0	57606.0	64008.0	64979.0	71014.0	73892.0	79525.0	166233.0	1709554.0
	37	42	47	52	57	62	67	72	77	82	87	92	97	102	107	112	117	122	127	132	137	142	146
ESM2888_trim_R1	2322.0	2921.0	3060.0	3076.0	3401.0	3491.0	3716.0	3659.0	3579.0	4034.0	4477.0	4769.0	5461.0	7532.0	10264.0	15810.0	18356.0	21115.0	23028.0	24625.0	27657.0	43006.0	1545211.0
	37	42	47	52	57	62	67	72	77	82	87	92	97	102	107	112	117	122	127	132	137	142	147	151
ESM2888_trim_R2	8377.0	10906.0	11707.0	12211.0	12590.0	12568.0	12237.0	12066.0	10462.0	10917.0	12501.0	15726.0	21147.0	26359.0	32133.0	35434.0	38885.0	43093.0	44073.0	47542.0	49364.0	53561.0	114765.0	1135946.0
	37	42	47	52	57	62	67	72	77	82	87	92	97	102	107	112	117	122	127	132	137	142	146
ESM2893_trim_R1	3315.0	4265.0	4749.0	4608.0	5130.0	5230.0	5587.0	5454.0	5560.0	6122.0	6822.0	7351.0	8257.0	11514.0	15919.0	24647.0	28795.0	33194.0	35978.0	38667.0	42722.0	67890.0	2355491.0
	37	42	47	52	57	62	67	72	77	82	87	92	97	102	107	112	117	122	127	132	137	142	147	151
ESM2893_trim_R2	11034.0	14331.0	15098.0	15864.0	16573.0	16546.0	16372.0	15784.0	14318.0	14561.0	17054.0	21798.0	29254.0	35948.0	44939.0	49295.0	54720.0	60783.0	61795.0	67228.0	70195.0	75711.0	176583.0	1811483.0
	37	42	47	52	57	62	67	72	77	82	87	92	97	102	107	112	117	122	127	132	137	142	146
ESM2895_trim_R1	2799.0	3599.0	3733.0	3950.0	4019.0	4412.0	4697.0	4551.0	4710.0	5230.0	5671.0	6312.0	7166.0	9538.0	13406.0	20779.0	23711.0	27351.0	30367.0	32159.0	35306.0	57463.0	2059055.0
	37	42	47	52	57	62	67	72	77	82	87	92	97	102	107	112	117	122	127	132	137	142	147	151
ESM2895_trim_R2	10597.0	13362.0	14318.0	15269.0	15541.0	15575.0	15508.0	15156.0	13620.0	13907.0	15778.0	19883.0	27066.0	33507.0	41767.0	45768.0	50156.0	55015.0	56786.0	61379.0	64131.0	69053.0	150559.0	1536283.0
	37	42	47	52	57	62	67	72	77	82	87	92	97	102	107	112	117	122	127	132	137	142	146
ESM2896_trim_R1	2456.0	3152.0	3465.0	3515.0	3789.0	3975.0	4065.0	3927.0	4188.0	4656.0	5084.0	5577.0	6154.0	8745.0	11782.0	18521.0	21295.0	25059.0	27418.0	29521.0	32636.0	51268.0	1875371.0
	37	42	47	52	57	62	67	72	77	82	87	92	97	102	107	112	117	122	127	132	137	142	147	151
ESM2896_trim_R2	9970.0	12580.0	13818.0	14398.0	14820.0	15240.0	14535.0	14136.0	12701.0	12776.0	14586.0	18767.0	25117.0	31303.0	38397.0	42653.0	46908.0	52105.0	53032.0	57060.0	59549.0	64684.0	139879.0	1376605.0
	37	42	47	52	57	62	67	72	77	82	87	92	97	102	107	112	117	122	127	132	137	142	146
ESM2897_trim_R1	2244.0	2891.0	3211.0	3247.0	3448.0	3745.0	3903.0	3645.0	3767.0	4285.0	4781.0	4995.0	5704.0	7887.0	11142.0	16790.0	19967.0	22543.0	24600.0	26737.0	29266.0	46323.0	1681306.0
	37	42	47	52	57	62	67	72	77	82	87	92	97	102	107	112	117	122	127	132	137	142	147	151
ESM2897_trim_R2	7979.0	9731.0	10677.0	11560.0	12255.0	12297.0	11989.0	11809.0	10713.0	10654.0	11890.0	15293.0	20676.0	26048.0	32660.0	36026.0	39215.0	44087.0	45000.0	48808.0	50849.0	55402.0	96467.0	1304342.0
	37	42	47	52	57	62	67	72	77	82	87	92	97	102	107	112	117	122	127	132	137	142	146
MAR2971_trim_R1	3698.0	4901.0	5177.0	5174.0	5737.0	5692.0	5846.0	5738.0	5810.0	6652.0	7298.0	7803.0	8527.0	12043.0	16505.0	25597.0	30211.0	34349.0	37584.0	41193.0	45403.0	69646.0	2293700.0
	37	42	47	52	57	62	67	72	77	82	87	92	97	102	107	112	117	122	127	132	137	142	147	151
MAR2971_trim_R2	9746.0	12459.0	12509.0	13176.0	13840.0	13959.0	14419.0	14133.0	12971.0	13349.0	15507.0	19751.0	27371.0	34946.0	42990.0	47159.0	51184.0	58004.0	60133.0	65244.0	68757.0	73848.0	141115.0	1847714.0
	37	42	47	52	57	62	67	72	77	82	87	92	97	102	107	112	117	122	127	132	137	142	146
MAR2972_trim_R1	2515.0	3229.0	3511.0	3532.0	3668.0	3808.0	3881.0	3731.0	3940.0	4489.0	5292.0	5580.0	5900.0	8176.0	11547.0	17997.0	21085.0	24182.0	26824.0	29338.0	32306.0	49981.0	1671703.0
	37	42	47	52	57	62	67	72	77	82	87	92	97	102	107	112	117	122	127	132	137	142	147	151
MAR2972_trim_R2	10367.0	13569.0	10552.0	9684.0	13975.0	10629.0	9302.0	8917.0	7717.0	8114.0	9866.0	12981.0	17496.0	22985.0	28396.0	31549.0	35136.0	40257.0	41999.0	46464.0	49942.0	53621.0	112202.0	1340495.0
	37	42	47	52	57	62	67	72	77	82	87	92	97	102	107	112	117	122	127	132	137	142	146
MAR2973_trim_R1	3730.0	4811.0	4923.0	5118.0	5510.0	5739.0	5880.0	5676.0	5996.0	6785.0	7603.0	8113.0	8509.0	11852.0	16372.0	24987.0	28909.0	32781.0	35685.0	38965.0	42239.0	65190.0	2344438.0
	37	42	47	52	57	62	67	72	77	82	87	92	97	102	107	112	117	122	127	132	137	142	147	151
MAR2973_trim_R2	11181.0	14438.0	15141.0	16435.0	16855.0	17267.0	16912.0	16472.0	14581.0	15053.0	17159.0	21486.0	29237.0	36591.0	44681.0	48384.0	53126.0	60074.0	61590.0	66169.0	69872.0	74864.0	174657.0	1807586.0
	37	42	47	52	57	62	67	72	77	82	87	92	97	102	107	112	117	122	127	132	137	142	146
MAR2974_trim_R1	1961.0	2472.0	2557.0	2838.0	3143.0	2976.0	3308.0	2920.0	3041.0	3532.0	3897.0	4100.0	4651.0	6566.0	8939.0	14130.0	16072.0	18634.0	20228.0	21897.0	24175.0	38614.0	1375805.0
	37	42	47	52	57	62	67	72	77	82	87	92	97	102	107	112	117	122	127	132	137	142	147	151
MAR2974_trim_R2	11440.0	12996.0	10704.0	11568.0	12662.0	8619.0	8538.0	8245.0	7047.0	7507.0	8920.0	11394.0	15849.0	20434.0	24911.0	27721.0	30769.0	34458.0	36287.0	39672.0	42614.0	45676.0	162347.0	986078.0
	37	42	47	52	57	62	67	72	77	82	87	92	97	102	107	112	117	122	127	132	137	142	146
MAR2975_trim_R1	4824.0	6310.0	6404.0	6477.0	7316.0	7338.0	7827.0	7370.0	7720.0	8774.0	9345.0	9992.0	11095.0	15439.0	21005.0	31953.0	37518.0	42809.0	46756.0	50163.0	55731.0	86214.0	3193264.0
	37	42	47	52	57	62	67	72	77	82	87	92	97	102	107	112	117	122	127	132	137	142	147	151
MAR2975_trim_R2	17317.0	21498.0	23064.0	24659.0	25440.0	24920.0	25000.0	23862.0	21545.0	21883.0	25293.0	31073.0	42314.0	53364.0	64870.0	70457.0	77137.0	87481.0	89326.0	96133.0	100678.0	107417.0	232646.0	2374267.0
	37	42	47	52	57	62	67	72	77	82	87	92	97	102	107	112	117	122	127	132	137	142	146
MAR2977_trim_R1	1685.0	2156.0	2422.0	2395.0	2641.0	2833.0	2894.0	2791.0	2841.0	3215.0	3563.0	3771.0	4071.0	5764.0	8071.0	12105.0	14420.0	16490.0	17941.0	19183.0	21621.0	34931.0	1261005.0
	37	42	47	52	57	62	67	72	77	82	87	92	97	102	107	112	117	122	127	132	137	142	147	151
MAR2977_trim_R2	9705.0	11392.0	9625.0	10304.0	10943.0	9078.0	8597.0	8503.0	7517.0	7781.0	8996.0	11394.0	15935.0	20158.0	24693.0	26940.0	29833.0	33639.0	34927.0	38003.0	40883.0	43433.0	103967.0	922563.0
	37	42	47	52	57	62	67	72	77	82	87	92	97	102	107	112	117	122	127	132	137	142	146
MAR2979_trim_R1	4122.0	5317.0	5602.0	5553.0	6076.0	6218.0	6864.0	6531.0	6705.0	7574.0	8558.0	9078.0	9805.0	13876.0	19100.0	28887.0	33909.0	38383.0	41776.0	45896.0	51076.0	81729.0	2975957.0
	37	42	47	52	57	62	67	72	77	82	87	92	97	102	107	112	117	122	127	132	137	142	147	151
MAR2979_trim_R2	19642.0	22956.0	20038.0	21234.0	23890.0	19605.0	19420.0	18624.0	16716.0	16939.0	19479.0	25857.0	35312.0	44807.0	55307.0	61064.0	68297.0	76500.0	79400.0	86150.0	90908.0	98836.0	177557.0	2300054.0
	37	42	47	52	57	62	67	72	77	82	87	92	97	102	107	112	117	122	127	132	137	142	146
MAR2980_trim_R1	2645.0	3379.0	3580.0	3640.0	3801.0	3861.0	3908.0	3790.0	4044.0	4579.0	4901.0	5209.0	5623.0	7944.0	11055.0	16820.0	19891.0	22610.0	24874.0	27049.0	29380.0	45754.0	1502176.0
	37	42	47	52	57	62	67	72	77	82	87	92	97	102	107	112	117	122	127	132	137	142	147	151
MAR2980_trim_R2	6440.0	7946.0	7776.0	8456.0	8916.0	9029.0	9058.0	9342.0	8321.0	8477.0	9937.0	12732.0	17384.0	22909.0	27328.0	30509.0	32933.0	37819.0	38930.0	41812.0	44905.0	48071.0	91875.0	1219608.0
	37	42	47	52	57	62	67	72	77	82	87	92	97	102	107	112	117	122	127	132	137	142	146
MAR2981_trim_R1	3714.0	5060.0	5062.0	5073.0	5540.0	5752.0	5895.0	5602.0	5879.0	6463.0	6981.0	7890.0	8325.0	11994.0	16547.0	25480.0	30097.0	34745.0	37478.0	41055.0	46489.0	72035.0	2295524.0
	37	42	47	52	57	62	67	72	77	82	87	92	97	102	107	112	117	122	127	132	137	142	147	151
MAR2981_trim_R2	12060.0	14861.0	13138.0	13393.0	14784.0	13924.0	13934.0	14088.0	12247.0	12751.0	14739.0	19178.0	26666.0	34534.0	42105.0	47229.0	52273.0	59221.0	61126.0	65183.0	70275.0	75084.0	149341.0	1836546.0
	37	42	47	52	57	62	67	72	77	82	87	92	97	102	107	112	117	122	127	132	137	142	146
MAR2990_trim_R1	3140.0	4156.0	4416.0	4537.0	4922.0	5364.0	5359.0	5254.0	5438.0	6149.0	6785.0	7383.0	7773.0	10820.0	15091.0	22913.0	27211.0	30445.0	33751.0	36352.0	39969.0	62120.0	2134946.0
	37	42	47	52	57	62	67	72	77	82	87	92	97	102	107	112	117	122	127	132	137	142	147	151
MAR2990_trim_R2	9817.0	12949.0	13701.0	14656.0	14972.0	15364.0	15267.0	14447.0	12992.0	13124.0	15655.0	19064.0	26349.0	33414.0	40169.0	44761.0	49312.0	55379.0	57140.0	61614.0	65545.0	70510.0	162835.0	1645258.0
	37	42	47	52	57	62	67	72	77	82	87	92	97	102	107	112	117	122	127	132	137	142	146
SOR3003_trim_R1	4899.0	6470.0	7154.0	6569.0	7226.0	7413.0	7789.0	7590.0	7740.0	8951.0	10496.0	10646.0	11808.0	16440.0	22886.0	34730.0	40247.0	47559.0	51176.0	54840.0	60184.0	96497.0	3363361.0
	37	42	47	52	57	62	67	72	77	82	87	92	97	102	107	112	117	122	127	132	137	142	147	151
SOR3003_trim_R2	18387.0	23131.0	24971.0	25217.0	27117.0	26219.0	26355.0	25168.0	22882.0	22657.0	25769.0	32597.0	44726.0	57348.0	68935.0	74826.0	82532.0	92705.0	95669.0	102867.0	108258.0	116469.0	258063.0	2489803.0
	37	42	47	52	57	62	67	72	77	82	87	92	97	102	107	112	117	122	127	132	137	142	146
SOR3005_trim_R1	3779.0	4823.0	5065.0	5022.0	5434.0	5762.0	6161.0	5781.0	5834.0	6692.0	7357.0	7646.0	8427.0	12001.0	16465.0	25385.0	29873.0	34005.0	37888.0	40843.0	44986.0	70992.0	2586631.0
	37	42	47	52	57	62	67	72	77	82	87	92	97	102	107	112	117	122	127	132	137	142	147	151
SOR3005_trim_R2	12341.0	15742.0	16912.0	18136.0	18955.0	18651.0	18815.0	17877.0	16470.0	16386.0	18828.0	23491.0	32429.0	41504.0	50561.0	54619.0	60612.0	69434.0	70483.0	76005.0	80472.0	86329.0	150403.0	1991397.0
	37	42	47	52	57	62	67	72	77	82	87	92	97	102	107	112	117	122	127	132	137	142	146
SOR3006_trim_R1	3880.0	5360.0	5620.0	5513.0	6030.0	6143.0	6680.0	6323.0	6495.0	7619.0	8124.0	8744.0	9721.0	13372.0	18445.0	28950.0	33864.0	38922.0	42599.0	45921.0	50617.0	79899.0	2924032.0
	37	42	47	52	57	62	67	72	77	82	87	92	97	102	107	112	117	122	127	132	137	142	147	151
SOR3006_trim_R2	14135.0	17470.0	18865.0	20493.0	21229.0	21677.0	21546.0	20420.0	18750.0	18799.0	21400.0	26515.0	36891.0	46129.0	56751.0	61778.0	67760.0	77099.0	79307.0	86344.0	89716.0	96302.0	167893.0	2255604.0
	37	42	47	52	57	62	67	72	77	82	87	92	97	102	107	112	117	122	127	132	137	142	146
SOR3007_trim_R1	5601.0	7598.0	7876.0	7809.0	8439.0	8780.0	9297.0	8719.0	9072.0	10094.0	11303.0	11890.0	13121.0	18681.0	26287.0	40416.0	47054.0	54262.0	59538.0	64777.0	72725.0	110480.0	3581231.0
	37	42	47	52	57	62	67	72	77	82	87	92	97	102	107	112	117	122	127	132	137	142	147	151
SOR3007_trim_R2	14836.0	18797.0	18551.0	19558.0	21360.0	22230.0	22629.0	22038.0	19968.0	20024.0	23369.0	30437.0	42389.0	54341.0	67293.0	73568.0	81532.0	92624.0	94908.0	102155.0	108563.0	115751.0	223632.0	2884497.0
	37	42	47	52	57	62	67	72	77	82	87	92	97	102	107	112	117	122	127	132	137	142	146
SOR3011_trim_R1	2400.0	3253.0	3348.0	3392.0	3640.0	3915.0	3950.0	3883.0	4037.0	4555.0	4889.0	5115.0	5734.0	8043.0	10996.0	16994.0	19955.0	22949.0	24959.0	27322.0	29935.0	45567.0	1642067.0
	37	42	47	52	57	62	67	72	77	82	87	92	97	102	107	112	117	122	127	132	137	142	147	151
SOR3011_trim_R2	7763.0	10169.0	11142.0	12020.0	12164.0	12212.0	12237.0	11651.0	10366.0	10526.0	11816.0	15082.0	21074.0	26297.0	32222.0	35524.0	39144.0	44438.0	44628.0	48108.0	51145.0	54681.0	95436.0	1271053.0
	37	42	47	52	57	62	67	72	77	82	87	92	97	102	107	112	117	122	127	132	137	142	146
SOR3012_trim_R1	3271.0	4261.0	4571.0	4648.0	4886.0	5095.0	5505.0	5185.0	5478.0	6065.0	6556.0	6884.0	7752.0	10712.0	14962.0	23117.0	26919.0	30724.0	33718.0	36154.0	40725.0	62917.0	2289184.0
	37	42	47	52	57	62	67	72	77	82	87	92	97	102	107	112	117	122	127	132	137	142	147	151
SOR3012_trim_R2	12194.0	15297.0	16569.0	17512.0	18018.0	17744.0	17839.0	16890.0	15343.0	15256.0	17587.0	21779.0	30260.0	37875.0	46146.0	51084.0	55957.0	63584.0	63962.0	69246.0	72618.0	77890.0	135278.0	1733361.0
	37	42	47	52	57	62	67	72	77	82	87	92	97	102	107	112	117	122	127	132	137	142	146
SOR3013_trim_R1	3514.0	4594.0	4889.0	4848.0	5010.0	5321.0	5780.0	5487.0	5792.0	6528.0	7002.0	7493.0	8314.0	11844.0	15917.0	24988.0	28684.0	32981.0	36712.0	39310.0	43370.0	67712.0	2521715.0
	37	42	47	52	57	62	67	72	77	82	87	92	97	102	107	112	117	122	127	132	137	142	147	151
SOR3013_trim_R2	13200.0	16424.0	17680.0	19285.0	20011.0	19723.0	19629.0	18839.0	17031.0	16882.0	19155.0	24021.0	33602.0	42320.0	51043.0	55683.0	61259.0	68713.0	69859.0	75603.0	79800.0	85073.0	147612.0	1905358.0
	37	42	47	52	57	62	67	72	77	82	87	92	97	102	107	112	117	122	127	132	137	142	146
SOR3017_trim_R1	2610.0	3526.0	3572.0	3628.0	3937.0	4109.0	4163.0	4236.0	4284.0	4947.0	5335.0	5576.0	6531.0	8697.0	12053.0	18047.0	21499.0	24111.0	26929.0	28787.0	31390.0	50586.0	1702134.0
	37	42	47	52	57	62	67	72	77	82	87	92	97	102	107	112	117	122	127	132	137	142	147	151
SOR3017_trim_R2	9349.0	11864.0	12676.0	13420.0	13827.0	13620.0	13526.0	13388.0	11956.0	12080.0	13926.0	17234.0	23652.0	29832.0	36105.0	38359.0	42835.0	48006.0	49480.0	52851.0	55778.0	59718.0	123044.0	1264161.0
	37	42	47	52	57	62	67	72	77	82	87	92	97	102	107	112	117	122	127	132	137	142	146
SOR3020_trim_R1	2851.0	3911.0	4146.0	4088.0	4397.0	4754.0	4922.0	4592.0	4963.0	5438.0	5784.0	6371.0	7112.0	9685.0	13374.0	20824.0	23978.0	27317.0	30058.0	32483.0	35780.0	56060.0	2098688.0
	37	42	47	52	57	62	67	72	77	82	87	92	97	102	107	112	117	122	127	132	137	142	147	151
SOR3020_trim_R2	11282.0	14301.0	15392.0	16406.0	16739.0	16512.0	16627.0	15645.0	14036.0	14401.0	16355.0	20693.0	27810.0	34806.0	42910.0	45605.0	50829.0	56611.0	58016.0	62945.0	65893.0	71105.0	123358.0	1583299.0
	37	42	47	52	57	62	67	72	77	82	87	92	97	102	107	112	117	122	127	132	137	142	146
SOR3021_trim_R1	4150.0	5511.0	5704.0	5901.0	6549.0	7051.0	7199.0	6611.0	7065.0	7702.0	8620.0	8925.0	9977.0	13939.0	19364.0	29390.0	34197.0	39123.0	42376.0	45898.0	50737.0	80018.0	2734455.0
	37	42	47	52	57	62	67	72	77	82	87	92	97	102	107	112	117	122	127	132	137	142	147	151
SOR3021_trim_R2	14012.0	17758.0	18960.0	20478.0	21208.0	20822.0	21239.0	20681.0	18550.0	18882.0	20951.0	26288.0	36314.0	45162.0	55171.0	59654.0	65791.0	74631.0	76663.0	81885.0	86390.0	93158.0	162477.0	2103337.0

