	1	2	3	4	5	6	7	8	9	12	17	22	27	32	37	42	47	52	57	62	67	72	77	82	87	92	97	102	107	112	117	122	127	132	137	142	145
CAB2918_trim_R1	0.0	0.0	0.0019366390392392412	0.0	0.0	0.0	5.8686031492098216e-05	0.0	0.00035211618895258933	2.3474412596839286e-05	0.0	0.0	0.0	0.0	0.0003287795023828294	1.1761712872359657e-05	0.0	8.265309833404415e-05	0.0	5.928785093516507e-05	0.00014261785047801938	0.0	0.0	0.0	1.1998670067409727e-05	2.4066464837270387e-05	0.0	7.269198407318629e-05	1.2180943036428937e-05	0.18774493206538087	0.0	0.0	0.0005229525800630834	0.0013091073300807849	0.0	0.00021528838147809467	0.0
	1	2	3	4	5	6	7	8	9	12	17	22	27	32	37	42	47	52	57	62	67	72	77	82	87	92	97	102	107	112	117	122	127	132	137	142	147	150
CAB2918_trim_R2	0.0	0.010152683448132992	0.0	0.0	0.00011737206298419643	0.0009976625353656696	0.0	0.0	0.0	2.3474412596839286e-05	0.00045775104563836614	1.1737206298419643e-05	0.0013967275495119376	4.694882519367857e-05	0.00010574420125236382	2.3595724077265614e-05	9.479939973020091e-05	0.00013093646593669982	0.0002392294705827893	1.2023770031450577e-05	7.253213929313803e-05	0.000316039644012945	0.0006108559362246856	0.00012275790361417681	0.00020978874273606477	9.936558798282516e-05	1.2525643122883322e-05	0.00021545712206824641	2.573217361857791e-05	0.0	1.3364692247222214e-05	0.0002189068775615525	0.0	0.0	0.0003416469910183977	0.0003226537502736795	3.1943472830479186e-05	0.0
	1	2	3	4	5	6	7	8	9	12	17	22	27	32	37	42	47	52	57	62	67	72	77	82	87	92	97	102	107	112	117	122	127	132	137	142	145
CAB2919_trim_R1	0.0	0.0	0.0015853049880801464	0.0	0.0	0.0	0.00010933137848828597	0.0	0.00010933137848828597	2.1866275697657192e-05	0.0	0.0	0.0	0.0	0.00027343553040969505	1.0954930321165692e-05	0.0	0.00010994667806007442	0.0	4.4145739654694235e-05	7.741862417814601e-05	0.0	0.0	0.0	1.11585747286402e-05	3.356874347157874e-05	0.0	0.00011264234613280803	0.0	0.19025919048777082	0.0	0.0	0.0004739655464964941	0.0012518549119416367	0.0	0.0002746980724810842	0.0
	1	2	3	4	5	6	7	8	9	12	17	22	27	32	37	42	47	52	57	62	67	72	77	82	87	92	97	102	107	112	117	122	127	132	137	142	147	150
CAB2919_trim_R2	0.0	0.009949155442434023	0.0	0.0	0.0	0.0009839824063945736	0.0	0.0	0.0	2.1866275697657192e-05	0.0004263923761043152	1.0933137848828596e-05	0.0012354445769176313	5.466568924414299e-05	0.00015323229852278592	1.0992655477096087e-05	0.00015459268361414725	0.00014421664623967298	0.00025643075371799506	0.0	0.00013520878433443984	0.00018127737784085727	0.0007060478923673262	0.00019453247038729468	0.00019558128945133463	0.00012739518879330004	3.504782626371947e-05	0.00017737377550014084	7.203374925219964e-05	1.2223123338037198e-05	3.741690173835184e-05	0.00019158313961084865	0.0	0.0	0.0003195378204964339	0.0002301276172701572	1.4964716938637925e-05	0.0
	1	2	3	4	5	6	7	8	9	12	17	22	27	32	37	42	47	52	57	62	67	72	77	82	87	92	97	102	107	112	117	122	127	132	137	142	145
CAB2920_trim_R1	0.0	0.0	0.0016949499671956559	0.0	0.0	0.0	0.0	0.0	0.000282491661199276	2.8249166119927598e-05	0.0	0.0	0.0	0.0	0.0003108610030241124	0.0	0.0	0.00012783012342424516	0.0	4.277935166181383e-05	0.00010003568415762022	0.0	0.0	0.0	0.0	4.338709138579672e-05	0.0	0.00016014097064062795	0.00011708112653703739	0.1906148087031601	0.0	0.0	0.000535175560519946	0.0012726964853244903	0.0	0.00028946883433795097	0.0
	1	2	3	4	5	6	7	8	9	12	17	22	27	32	37	42	47	52	57	62	67	72	77	82	87	92	97	102	107	112	117	122	127	132	137	142	147	150
CAB2920_trim_R2	0.0	0.00840412692067846	0.0	0.0	0.00021186874589945698	0.001059343729497285	0.0	0.0	0.0	8.47474983597828e-05	0.0003389899934391312	2.8249166119927598e-05	0.0013559599737565247	4.23737491798914e-05	0.0001272855355404551	4.264800920514631e-05	0.00011437164006501456	0.00014383348455027008	0.00021713706516674172	0.0	0.00011733630741760534	0.0002509837455544504	0.000787313263777425	0.0001344755185824248	0.0002255401687040462	7.575602620249434e-05	6.118798616723198e-05	0.00020145094266644186	1.57534124648246e-05	1.606549581333179e-05	0.0	0.00013471451636478266	0.0	0.0	0.00025744688089312	0.0002669864910556665	1.98985373580115e-05	0.0
	1	2	3	4	5	6	7	8	9	12	17	22	27	32	37	42	47	52	57	62	67	72	77	82	87	92	97	102	107	112	117	122	127	132	137	142	145
CAB2921_trim_R1	0.0	0.0	0.0017581639433313448	0.0	0.0	0.0	0.0	0.0	0.0004850107429879572	1.212526857469893e-05	0.0	0.0	0.0	0.0	0.00030326026620913993	1.2150604802429342e-05	0.0	8.536379243525583e-05	0.0	0.00012243351798756517	4.908169980233572e-05	0.0	0.0	0.0	0.0	4.9687367086293045e-05	0.0	0.00010003677601978427	0.0	0.19052715214606541	0.0	0.0	0.0006569806692635798	0.001280671242487229	0.0	0.00038682656603281453	0.0
	1	2	3	4	5	6	7	8	9	12	17	22	27	32	37	42	47	52	57	62	67	72	77	82	87	92	97	102	107	112	117	122	127	132	137	142	147	150
CAB2921_trim_R2	0.0	0.00963958851688565	0.0	0.0	6.062634287349465e-05	0.001212526857469893	0.0	0.0	0.0	0.00010912741717229037	0.00033950752009157003	4.850107429879572e-05	0.001552034377561463	1.212526857469893e-05	7.28402059483983e-05	2.4403942847430087e-05	0.00011042639927118576	8.640550151234315e-05	0.00024845430366333444	0.0	0.00010066519561260811	0.00021534069367824325	0.0008666729457971269	0.00016664585729935774	0.0002192636250416601	0.00011695979390124851	5.248400222007329e-05	0.00017284485073916435	9.463197422441324e-05	4.136072939370547e-05	5.635861890950017e-05	0.0001733831193328102	0.0	0.0	0.0002526368178371699	0.000311244017767119	5.1271700533618775e-05	0.0
	1	2	3	4	5	6	7	8	9	12	17	22	27	32	37	42	47	52	57	62	67	72	77	82	87	92	97	102	107	112	117	122	127	132	137	142	145
CAB2922_trim_R1	0.0	0.0	0.0015571473061351605	0.0	0.0	0.0	0.0	0.0	0.0003892868265337901	3.8928682653379006e-05	0.0	0.0	0.0	0.0	0.0003634645912146195	0.0	0.0	3.913248498453941e-05	0.0	0.00010473541542975232	0.00011807721488911697	0.0	0.0	0.0	0.0	6.634073903848651e-05	0.0	6.676635328320872e-05	6.710638348130738e-05	0.19306517254067657	0.0	0.0	0.00044800276865711026	0.001449120731788921	0.0	0.000308671327211744	0.0
	1	2	3	4	5	6	7	8	9	12	17	22	27	32	37	42	47	52	57	62	67	72	77	82	87	92	97	102	107	112	117	122	127	132	137	142	147	150
CAB2922_trim_R2	0.0	0.009537527250077858	0.0	0.0	0.0	0.001622028443890792	0.0	0.0	0.0	3.8928682653379006e-05	0.0004801204193916745	5.1904910204505343e-05	0.0015182186234817814	6.488113775563168e-05	5.198121191076697e-05	0.0	5.2608431237623866e-05	9.26817926883069e-05	0.0002133082198455835	0.0	9.465784906265066e-05	0.0003268861843597219	0.0007677985296658157	9.657371630422321e-05	0.00022222731493152273	5.601047731988745e-05	1.414832995942825e-05	0.00027264425320443095	4.3814822203832976e-05	2.9832526164617073e-05	7.634769718548795e-05	0.0002824444753389883	0.0	0.0	0.0004145571036000657	0.00035927767223996153	0.0	0.0
	1	2	3	4	5	6	7	8	9	12	17	22	27	32	37	42	47	52	57	62	67	72	77	82	87	92	97	102	107	112	117	122	127	132	137	142	145
CAB2923_trim_R1	0.0	0.0	0.0013079859425931854	0.0	0.0	0.0	0.0	0.0	0.000413048192397848	6.884136539964133e-05	0.0	0.0	0.0	0.0	0.0004407459735789317	4.1381445056613954e-05	0.0	6.920834785555166e-05	0.0	6.948806750904735e-05	0.00012534541366005962	0.0	0.0	0.0	0.0	2.8181814979339206e-05	0.0	7.089284433150742e-05	4.275393485839469e-05	0.19129221306885888	0.0	0.0	0.0004610251563581689	0.0015093077499632483	0.0	0.00032783368903288595	0.0
	1	2	3	4	5	6	7	8	9	12	17	22	27	32	37	42	47	52	57	62	67	72	77	82	87	92	97	102	107	112	117	122	127	132	137	142	147	150
CAB2923_trim_R2	0.0	0.01080809436774369	0.0	6.884136539964133e-05	0.00013768273079928266	0.0009637791155949787	0.0	0.0	0.0	1.3768273079928268e-05	0.00044058473855770457	1.3768273079928268e-05	0.0015145100387921094	0.0001239144577193544	5.515024719719549e-05	1.3863745446106214e-05	6.974078466193712e-05	5.6159630379776694e-05	0.00019790959404925433	0.0	5.7356033130565414e-05	0.0004044070547655255	0.0006979325927977719	7.31706817370954e-05	0.000235728100012361	7.425864255498445e-05	4.50179666704982e-05	0.00028923750296087864	7.751065538979644e-05	0.0	6.481576604619614e-05	0.00028300434078716824	0.0	0.0	0.0005126259778340527	0.00032357975136893273	1.9904656694433662e-05	0.0
	1	2	3	4	5	6	7	8	9	12	17	22	27	32	37	42	47	52	57	62	67	72	77	82	87	92	97	102	107	112	117	122	127	132	137	142	145
CAB2924_trim_R1	0.0	0.0	0.0016765021459227468	0.0	0.0	0.0	0.00021867419294644525	0.0	0.0006560225788393358	5.831311811905206e-05	0.0	0.0	0.0	0.0	0.0004083415426997647	1.4605563609712466e-05	0.0	0.00011726169894319359	0.0	5.885887936225227e-05	0.00011796927106934867	0.0	0.0	0.0	0.0	2.9836527159519352e-05	0.0	0.00012010536843973218	0.00012073596418005416	0.1936892487946687	0.0	0.0	0.00048819827905382135	0.0014861657148281305	0.0	0.00028124708929942505	0.0
	1	2	3	4	5	6	7	8	9	12	17	22	27	32	37	42	47	52	57	62	67	72	77	82	87	92	97	102	107	112	117	122	127	132	137	142	147	150
CAB2924_trim_R2	0.0	0.011735515021459227	0.0	0.0	0.0	0.0010933709647322262	0.0	0.0	0.0	0.0	0.0005102397835417056	0.0	0.0015598759096846426	8.746967717857809e-05	0.00011677701851631002	0.0	0.00013278588173292656	0.00010389747634514207	0.0002390082710305992	0.0	9.081997724656836e-05	0.0003352393212561844	0.0008126192097048198	9.253143331344422e-05	0.00020173986668408874	0.00010945630551193809	3.157721394557131e-05	0.0002559924226242903	4.8813434889142244e-05	1.6596893327119457e-05	6.784988958278594e-05	0.00020876725026391658	0.0	0.0	0.00034278199198613794	0.0002766981608466173	2.0600598076563357e-05	0.0
	1	2	3	4	5	6	7	8	9	12	17	22	27	32	37	42	47	52	57	62	67	72	77	82	87	92	97	102	107	112	117	122	127	132	137	142	145
CAB2925_trim_R1	0.0	0.0	0.0015147110904982172	0.0	0.0	0.0	7.212909954753416e-05	0.0	0.0006491618959278075	2.885163981901366e-05	0.0	0.0	0.0	0.0	0.0003607731628636846	2.890611597047009e-05	0.0	0.0001305460684020784	0.0	0.0001019410894094713	0.000102152618346727	0.0	0.0	0.0	1.4722891623028016e-05	5.905138090177955e-05	0.0	7.428253838884443e-05	1.493208142762644e-05	0.18821157489904666	0.0	0.0	0.00046746622089087844	0.0013596683168191604	0.0	0.00029428065546111324	0.0
	1	2	3	4	5	6	7	8	9	12	17	22	27	32	37	42	47	52	57	62	67	72	77	82	87	92	97	102	107	112	117	122	127	132	137	142	147	150
CAB2925_trim_R2	0.0	0.010530848533939987	0.0	0.0	0.0	0.00043277459728520494	0.0	0.0	0.0	0.0	0.0006347360760183006	2.885163981901366e-05	0.00145700781086019	8.655491945704099e-05	0.00013000324719221877	0.0	0.00016059505431470733	0.00010279887561526964	0.0002660351976390263	1.4875535649444317e-05	0.00010480650099753331	0.00031655181614067564	0.0006977487440143397	0.00013733081987415003	0.0002303054310626753	0.00010829186141797673	7.81098296065311e-05	0.000237415851908222	8.04892328748291e-05	3.284601345471249e-05	8.39451958752017e-05	0.00029275189363118256	0.0	0.0	0.00039596194240073613	0.00031315015354143466	2.0404640341687945e-05	0.0
	1	2	3	4	5	6	7	8	9	12	17	22	27	32	37	42	47	52	57	62	67	72	77	82	87	92	97	102	107	112	117	122	127	132	137	142	145
CAB2927_trim_R1	0.0	0.0	0.0018037507192455993	0.0	0.0	0.0	6.01250239748533e-05	0.0	0.00030062511987426655	0.0	0.0	0.0	0.0	0.0	0.0002526382045267473	1.2051599162847716e-05	0.0	6.049480150022268e-05	0.0	1.2150756870645473e-05	8.524390289940087e-05	0.0	0.0	0.0	0.0	1.2328238360078008e-05	0.0	7.448554694861266e-05	0.0	0.19056176405315953	0.0	0.0	0.0003793035254823956	0.0014224796452468708	0.0	0.0003866275473232118	0.0
	1	2	3	4	5	6	7	8	9	12	17	22	27	32	37	42	47	52	57	62	67	72	77	82	87	92	97	102	107	112	117	122	127	132	137	142	147	150
CAB2927_trim_R2	0.0	0.010822504315473595	0.0	0.0	6.01250239748533e-05	0.0010221254075725064	0.0	0.0	0.0	2.4050009589941324e-05	0.0004208751678239732	0.0	0.0015151506041663034	4.810001917988265e-05	0.00010833992300883559	0.0	9.714765970680593e-05	8.53953567128741e-05	0.00023292934394837306	0.0	6.194935541076202e-05	0.00017444193843370827	0.0008766645668462994	0.00010066946452275942	0.0002150849718485402	8.91605710556255e-05	2.569798291392512e-05	0.00015605819878407255	1.320638127060443e-05	0.0	5.489998115558147e-05	0.0001686262678411861	0.0	0.0	0.0004583815525260949	0.0002846583388288207	3.289794547395823e-05	0.0
	1	2	3	4	5	6	7	8	9	12	17	22	27	32	37	42	47	52	57	62	67	72	77	82	87	92	97	102	107	112	117	122	127	132	137	142	145
CAB2931_trim_R1	0.0	0.0	0.0018576521002415611	0.0	0.0	0.0	0.00019903415359731014	0.0	0.0004644130250603903	7.961366143892404e-05	0.0	0.0	0.0	0.0	0.0003185759231467443	0.0	0.0	8.003762835701158e-05	0.0	9.373486851408272e-05	0.00013418346610116386	0.0	0.0	0.0	0.0	5.428795443937712e-05	0.0	9.560961991215115e-05	0.0	0.1883076970719335	0.0	0.0	0.00048683463129650797	0.001351089064953389	0.0	0.0002553570529993563	0.0
	1	2	3	4	5	6	7	8	9	12	17	22	27	32	37	42	47	52	57	62	67	72	77	82	87	92	97	102	107	112	117	122	127	132	137	142	147	150
CAB2931_trim_R2	0.0	0.009487294654805115	0.0	6.634471786577004e-05	0.0003317235893288502	0.0009288260501207806	0.0	0.0	0.0	0.00010615154858523206	0.0004644130250603903	6.634471786577004e-05	0.001472852736620095	6.634471786577004e-05	0.00010629431061031137	2.6720396039021932e-05	0.00012095896265593626	0.00013526713026319333	0.0002451147606883313	1.3709669237778037e-05	9.661857086226829e-05	0.0003196571052130515	0.0007553657194054153	0.0001688664571690636	0.00022658925811136436	9.991795308652268e-05	4.325723520516041e-05	0.00023390773275573716	5.950281530132747e-05	3.0379106951468767e-05	0.000155420998962254	0.00025532463569961824	0.0	0.0	0.0004732317345695782	0.00020046577311174456	1.904637831211757e-05	0.0
	1	2	3	4	5	6	7	8	9	12	17	22	27	32	37	42	47	52	57	62	67	72	77	82	87	92	97	102	107	112	117	122	127	132	137	142	145
ESM2880_trim_R1	0.0	0.0	0.0017832941008631142	0.0	0.0	0.0	3.496655099731597e-05	3.496655099731597e-05	0.0005244982649597396	3.496655099731597e-05	0.0	0.0	0.0	0.0	0.000279836049655228	1.4013550122019484e-05	0.0	8.438668425941507e-05	0.0	9.178128914163103e-05	0.00012027521799883263	0.0	0.0	0.0	7.140124515203395e-06	5.72783408755782e-05	0.0	9.369845458814303e-05	7.246020286393155e-06	0.18944804747970503	0.0	0.0	0.0005752434301523532	0.001321767864518794	0.0	0.00036608843264012634	0.0
	1	2	3	4	5	6	7	8	9	12	17	22	27	32	37	42	47	52	57	62	67	72	77	82	87	92	97	102	107	112	117	122	127	132	137	142	147	150
ESM2880_trim_R2	0.0	0.009406002218277995	0.0	0.00010489965299194791	0.00013986620398926387	0.0014685951418872707	0.0	0.0	0.0	2.097993059838958e-05	0.00040561199156886527	2.7973240797852776e-05	0.0014336285908899547	3.496655099731597e-05	9.804119298764569e-05	0.0	0.00010626895439637853	7.84418482411234e-05	0.00024412682905743994	1.4459960946537475e-05	8.737320964102208e-05	0.0002713038805840571	0.0008266356166583609	0.0001336700630744471	0.00020180093130382385	0.00010548618583049274	2.2839974157330573e-05	0.0001929979271250635	6.285564509691398e-05	2.4073232699731196e-05	7.390953866651425e-05	0.00021939504516542343	0.0	0.0	0.0003621714686888836	0.0002703110778499766	7.065718245400469e-05	0.0
	1	2	3	4	5	6	7	8	9	12	17	22	27	32	37	42	47	52	57	62	67	72	77	82	87	92	97	102	107	112	117	122	127	132	137	142	145
ESM2882_trim_R1	0.0	0.0	0.0015004449200657043	0.0	0.0	0.0	5.0862539663244216e-05	0.0	0.00035603777764270947	2.0345015865297685e-05	0.0	0.0	0.0	0.0	0.0002595005174745613	3.567391958221967e-05	0.0	8.183507797195083e-05	0.0	4.621655846856812e-05	0.00014923597356814773	0.0	0.0	0.0	5.19322780244359e-06	3.645405947458972e-05	0.0	7.339001698664365e-05	5.269986965741237e-06	0.19033942084610378	0.0	0.0	0.0004514674426180751	0.0011793520606242852	0.0	0.0003067928036596098	0.0
	1	2	3	4	5	6	7	8	9	12	17	22	27	32	37	42	47	52	57	62	67	72	77	82	87	92	97	102	107	112	117	122	127	132	137	142	147	150
ESM2882_trim_R2	0.0	0.009841901424837755	0.0	0.0	0.0	0.0009155257139383959	0.0	0.0	0.0	5.086253966324421e-06	0.0004069003173059537	0.0	0.001388547332806567	0.00010681133329281284	0.00011712942465313649	0.0	0.00012351294276688135	7.765510571966093e-05	0.00021362280995588584	0.0	7.390565520794675e-05	0.0002816234133841687	0.0007591695519119338	0.00012904865973288216	0.0002272157880782148	8.721825709249327e-05	6.605465560368615e-05	0.0002175036933800241	6.238227826091592e-05	1.7359652418095427e-05	4.733709323975421e-05	0.00023688147362142575	0.0	0.0	0.0003793438110756014	0.00024173653025059857	5.7618609889096416e-05	0.0
	1	2	3	4	5	6	7	8	9	12	17	22	27	32	37	42	47	52	57	62	67	72	77	82	87	92	97	102	107	112	117	122	127	132	137	142	145
ESM2883_trim_R1	0.0	0.0	0.0015043743102101884	0.0	0.0	0.0	0.00010257097569614922	0.0	0.00044447422801664657	4.786645532486963e-05	0.0	0.0	0.0	0.0	0.0002736395496713931	6.852670530247995e-06	0.0	8.941842941343573e-05	0.0	0.000103603595514434	0.00011767176582266478	0.0	0.0	0.0	1.397243824776123e-05	6.3052373823793e-05	0.0	0.00011285710456633951	0.0	0.19079796382094313	0.0	0.0	0.0006013446511840959	0.0012444965909467172	0.0	0.00031290859017000795	0.0
	1	2	3	4	5	6	7	8	9	12	17	22	27	32	37	42	47	52	57	62	67	72	77	82	87	92	97	102	107	112	117	122	127	132	137	142	147	150
ESM2883_trim_R2	0.0	0.009197197487421378	0.0	0.0	0.00010257097569614922	0.0008547581308012434	0.0	0.0	0.0	4.1028390278459684e-05	0.00044447422801664657	6.838065046409947e-06	0.0013949652694676292	4.1028390278459684e-05	0.00012322077754227398	1.3753435694195383e-05	0.00011747653492594658	9.722281636165555e-05	0.00025134009652297507	7.021056358651286e-06	0.00011298052293458717	0.0002769923938598883	0.0007997535616525023	0.00013636865068459577	0.0002453852595486802	0.00010903012974948873	4.401102388126178e-05	0.00021538851408811705	8.302082909581185e-05	3.07775241282324e-05	6.286716388306582e-05	0.00027391091208708434	0.0	0.0	0.00038641746136198633	0.0003638404450496324	4.733939353313587e-05	0.0
	1	2	3	4	5	6	7	8	9	12	17	22	27	32	37	42	47	52	57	62	67	72	77	82	87	92	97	102	107	112	117	122	127	132	137	142	145
ESM2886_trim_R1	0.0	0.0	0.0017625230653258836	0.0	0.0	0.0	0.0001807715964436804	0.0	0.00022596449555460047	3.6154319288736075e-05	0.0	0.0	0.0	0.0	0.00026221885617603164	1.811206532514825e-05	0.0	0.00012724052385287214	0.0	8.211725285307271e-05	0.00012801324900551993	0.0	0.0	0.0	1.84578043057443e-05	4.627570360819065e-05	0.0	0.00013044548156884546	0.0	0.18933997893412247	0.0	0.0	0.000528285945920933	0.0012115726640208701	0.0	0.000431705921925984	0.0
	1	2	3	4	5	6	7	8	9	12	17	22	27	32	37	42	47	52	57	62	67	72	77	82	87	92	97	102	107	112	117	122	127	132	137	142	147	150
ESM2886_trim_R2	0.0	0.007953950243521937	0.0	4.51928991109201e-05	4.51928991109201e-05	0.0011750153768839225	0.0	0.0	0.0	9.942437804402422e-05	0.00043385183146483293	8.134721839965617e-05	0.001373864132971971	8.134721839965617e-05	0.00013575488676865902	8.187417631167207e-05	0.00010064067855971112	0.00014726397795163722	0.00033344213426677373	0.0	0.0001313681286844655	0.0003494704625203791	0.0008457225349706267	0.00017202374080533105	0.00030772455959326506	0.00015504726325106592	0.00011745197339869406	0.0002677569996142316	0.00011092594321842146	2.0576339144160096e-05	5.259838106390956e-05	0.0002483472222417181	0.0	0.0	0.0003071997701200489	0.0001960965270447138	3.839632869663534e-05	0.0
	1	2	3	4	5	6	7	8	9	12	17	22	27	32	37	42	47	52	57	62	67	72	77	82	87	92	97	102	107	112	117	122	127	132	137	142	145
ESM2887_trim_R1	0.0	0.0	0.001802990259345124	0.0	0.0	0.0	3.756229706969008e-05	0.0	0.00033806067362721076	9.014951296725619e-05	0.0	0.0	0.0	0.0	0.0002930876407196429	1.5050835325123254e-05	0.0	0.00011324683741219501	0.0	9.849193691970255e-05	9.867580111087699e-05	0.0	0.0	0.0	1.530845816041473e-05	5.371733142120097e-05	7.695205825209248e-06	0.00013897380660296983	0.0	0.18941416608587208	0.0	0.0	0.000525222900558821	0.0013357715945302201	0.0	0.0003555560371552673	0.0
	1	2	3	4	5	6	7	8	9	12	17	22	27	32	37	42	47	52	57	62	67	72	77	82	87	92	97	102	107	112	117	122	127	132	137	142	147	150
ESM2887_trim_R2	0.0	0.008977388999655929	0.0	7.512459413938016e-05	0.00030049837655752063	0.0012019935062300825	0.0	0.0	0.0	3.0049837655752063e-05	0.0004131852677665909	4.5074756483628095e-05	0.0013672676133367188	2.2537378241814048e-05	0.00012037687894201364	7.567872082377196e-06	0.00013705518359455543	0.0001149667466349808	0.00024699408202179474	0.0	0.0001330509001871713	0.00022065723703725416	0.0008247671222447623	0.00015957011810183364	0.00020879292872957774	0.00013760828861671047	8.18008556533103e-05	0.0002488732471131325	5.067174690340732e-05	8.626288562636905e-06	5.299118456317336e-05	0.00026326970074405464	0.0	0.0	0.00031986588023641687	0.0003223205415400995	2.1753587112130824e-05	0.0
	1	2	3	4	5	6	7	8	9	12	17	22	27	32	37	42	47	52	57	62	67	72	77	82	87	92	97	102	107	112	117	122	127	132	137	142	145
ESM2888_trim_R1	0.0	0.0	0.0016250413264820096	0.0	0.0	0.0	0.0	0.0	0.0003922513546680713	4.482872624777958e-05	0.0	0.0	0.0	0.0	0.00028028866593358097	1.1228935079238104e-05	0.0	0.00013520815972230046	0.0	4.523945242166789e-05	6.799554901136171e-05	0.0	0.0	0.0	2.2863126463954568e-05	3.438469899233347e-05	1.1494711340785661e-05	0.00013841255106558057	2.3186139603978417e-05	0.1913347663688895	0.0	0.0	0.0005681309940841849	0.0013122970078892353	0.0	0.00039315968104350156	0.0
	1	2	3	4	5	6	7	8	9	12	17	22	27	32	37	42	47	52	57	62	67	72	77	82	87	92	97	102	107	112	117	122	127	132	137	142	147	150
ESM2888_trim_R2	0.0	0.009862319774511508	0.0	5.6035907809724476e-05	0.0002241436312388979	0.000840538617145867	0.0	0.0	0.0	3.362154468583469e-05	0.00047070162560168555	2.241436312388979e-05	0.0016362485080439544	5.6035907809724476e-05	0.0001459013996096801	1.1287969767204813e-05	0.00018174866295460167	0.00012580135462898664	0.00032252424057636	1.160245712195946e-05	0.0001986676645237048	0.00024720569279395406	0.0009006643110344651	0.0001669500046746001	0.00026412644261060653	0.0001331818934130778	8.566048393768028e-05	0.0002731052300520526	5.055986838255063e-05	1.2914717405319624e-05	2.6452461685923836e-05	0.00019038055986027154	0.0	0.0	0.0005244788515891184	0.0003741124182876126	1.631832216316984e-05	0.0
	1	2	3	4	5	6	7	8	9	12	17	22	27	32	37	42	47	52	57	62	67	72	77	82	87	92	97	102	107	112	117	122	127	132	137	142	145
ESM2893_trim_R1	0.0	0.0	0.0016500034650072768	0.0	0.0	0.0	0.0	0.0	0.00040333418033511206	4.4000092400194035e-05	0.0	0.0	0.0	0.0	0.0002494221292741691	7.3467952581138565e-06	0.0	0.00011057436675350195	0.0	6.659055120032799e-05	8.155017088838309e-05	0.0	0.0	0.0	2.243365694631267e-05	3.748690769748665e-05	7.519306383086553e-06	9.80851366914465e-05	0.0	0.18970383667702737	0.0	0.0	0.0005936396967973376	0.001253344159227413	0.0	0.0002909522092707848	0.0
	1	2	3	4	5	6	7	8	9	12	17	22	27	32	37	42	47	52	57	62	67	72	77	82	87	92	97	102	107	112	117	122	127	132	137	142	147	150
ESM2893_trim_R2	0.0	0.008616684761704666	0.0	0.0	0.00018333371833414183	0.0010266688226711943	0.0	0.0	0.0	9.533353353375376e-05	0.0003300006930014553	5.133344113355971e-05	0.0013200027720058213	5.133344113355971e-05	8.076587785570706e-05	5.165126893148135e-05	9.644195221954106e-05	8.953342342385361e-05	0.00022519264667941806	2.2660357720939055e-05	9.1208669931329e-05	0.00022945142065994357	0.0006307936861552171	0.00014697062977611034	0.0002100793913362014	0.00011758784066471309	6.331892141916065e-05	0.00024047886074582593	9.775613818938035e-05	2.4915041783770824e-05	6.787067548204935e-05	0.0002348852637683217	0.0	0.0	0.00033224887301182277	0.00031470059925878176	2.0506491893937552e-05	0.0
	1	2	3	4	5	6	7	8	9	12	17	22	27	32	37	42	47	52	57	62	67	72	77	82	87	92	97	102	107	112	117	122	127	132	137	142	145
ESM2895_trim_R1	0.0	0.0	0.001814358240393184	0.0	0.0	0.0	0.00012658313305068724	0.0	0.00033755502146849936	5.9072128756987385e-05	0.0	0.0	0.0	0.0	0.0003545586791237201	8.453836431283963e-06	0.0	8.480708254476881e-05	0.0	9.361279077515731e-05	0.00013642418234592637	0.0	0.0	0.0	8.598246009403557e-06	3.4480591693849585e-05	1.7289680118441224e-05	6.939211724630914e-05	8.716448862947963e-06	0.19092499301290541	0.0	0.0	0.0005539208332712821	0.0013357019781746297	0.0	0.0002854742426582448	0.0
	1	2	3	4	5	6	7	8	9	12	17	22	27	32	37	42	47	52	57	62	67	72	77	82	87	92	97	102	107	112	117	122	127	132	137	142	147	150
ESM2895_trim_R2	0.0	0.009451540601117981	0.0	8.438875536712484e-05	0.00016877751073424968	0.0015611919742918095	0.0	0.0	0.0	5.9072128756987385e-05	0.0004303826523723367	1.687775107342497e-05	0.0012405147038967352	6.751100429369987e-05	6.760279067700054e-05	1.699194055267646e-05	9.400345949822491e-05	7.739773007937223e-05	0.00022508949688255378	8.715730184700268e-06	8.775036495376784e-05	0.0003180775112484578	0.0006135473932016281	0.00013420000291661338	0.00027012571650846304	0.00014521201498733205	0.00010086078259531664	0.00022309010469897476	0.0001134987249364076	1.9313865279029826e-05	6.916602375200779e-05	0.00027402573954218824	0.0	0.0	0.00033421852967687864	0.00033559722593018583	1.2090926183082013e-05	0.0
	1	2	3	4	5	6	7	8	9	12	17	22	27	32	37	42	47	52	57	62	67	72	77	82	87	92	97	102	107	112	117	122	127	132	137	142	145
ESM2896_trim_R1	0.0	0.0	0.0017164443252726943	0.0	0.0	0.0	0.0	0.0	0.0004639038716953228	2.7834232301719366e-05	0.0	0.0	0.0	0.0	0.00035269056962032954	0.0	0.0	0.00015849794665910103	0.0	0.00010291575297749307	0.0001312322918426195	0.0	0.0	0.0	9.449870139884537e-06	3.789386288996219e-05	9.499579263634414e-06	0.00015248725778352148	0.0	0.19217655983998755	0.0	0.0	0.0005784008950454677	0.0012746189875539526	0.0	0.0004494833502481932	0.0
	1	2	3	4	5	6	7	8	9	12	17	22	27	32	37	42	47	52	57	62	67	72	77	82	87	92	97	102	107	112	117	122	127	132	137	142	147	150
ESM2896_trim_R2	0.0	0.010669789048992424	0.0	0.00013917116150859683	0.0001855615486781291	0.0008814173562211133	0.0	0.0	0.0	9.278077433906455e-06	0.000528850413732668	1.855615486781291e-05	0.0014566581571233135	6.494654203734518e-05	4.645546648907052e-05	0.0	0.0001221968627177466	5.677569144985529e-05	0.0002763449661858582	0.0	8.69973138129405e-05	0.0002531132195874975	0.0008329638077225546	0.00017748909723917683	0.00027788791291786776	0.00014008734445927035	6.067298474681164e-05	0.0002563667135099926	7.307604094471453e-05	0.0	0.00010919011724616409	0.00029188656390014337	0.0	0.0	0.0003090619943745772	0.000334348337729371	1.345826551489036e-05	0.0
	1	2	3	4	5	6	7	8	9	12	17	22	27	32	37	42	47	52	57	62	67	72	77	82	87	92	97	102	107	112	117	122	127	132	137	142	145
ESM2897_trim_R1	0.0	0.0	0.0010328300524626024	0.0	0.0	0.0	0.00010328300524626025	0.0	0.0002065660104925205	3.0984901573878074e-05	0.0	0.0	0.0	0.0	0.000330619361648402	2.0692912522264282e-05	0.0	7.265989718624549e-05	0.0	0.00010417196207473879	0.0001252559657850804	0.0	0.0	0.0	2.1050792404453082e-05	4.220994381856478e-05	0.0	6.370092162493407e-05	0.0	0.1896336199810592	0.0	0.0	0.0006671897434255122	0.001421282601515674	0.0	0.0003497076152913152	0.0
	1	2	3	4	5	6	7	8	9	12	17	22	27	32	37	42	47	52	57	62	67	72	77	82	87	92	97	102	107	112	117	122	127	132	137	142	147	150
ESM2897_trim_R2	0.0	0.009347111974786554	0.0	0.0	0.0	0.0010844715550857326	0.0	0.0	0.0	0.0	0.00045444522308354517	1.0328300524626025e-05	0.0013943205708245134	5.1641502623130124e-05	0.00011375570135819137	1.0392191972052487e-05	0.0001149129299506449	7.354694869469926e-05	0.00027489333609918317	0.0	0.00013925134407004043	0.00028031507846072956	0.0006941944410427712	0.0001527431968998368	0.0002085262429728028	0.00011056363683604462	6.697362913352868e-05	0.00021479739235965675	9.194980598016252e-05	3.5171596356691574e-05	2.3968190376459976e-05	0.00024586597870087615	0.0	0.0	0.00029578614984042336	0.00030683869531628863	2.9070215325991942e-05	0.0
	1	2	3	4	5	6	7	8	9	12	17	22	27	32	37	42	47	52	57	62	67	72	77	82	87	92	97	102	107	112	117	122	127	132	137	142	145
MAR2971_trim_R1	0.0	0.0	0.001974455758034545	0.0	0.0	0.0	0.0001862694111353344	0.0	0.00033528494004360197	4.470465867248026e-05	0.0	0.0	0.0	0.0	0.0002981575503256402	1.4932827289682142e-05	0.0	9.743481854226568e-05	0.0	8.27899988778192e-05	9.805523285326999e-05	0.0	0.0	0.0	1.5226287759480686e-05	3.8175084374571484e-05	0.0	9.223645029250869e-05	0.0	0.1880280818713751	0.0	0.0	0.0005661686108357554	0.0013642016556312888	0.0	0.0002644002842900089	0.0
	1	2	3	4	5	6	7	8	9	12	17	22	27	32	37	42	47	52	57	62	67	72	77	82	87	92	97	102	107	112	117	122	127	132	137	142	147	150
MAR2971_trim_R2	0.0	0.009760517143491524	0.0	0.0	7.450776445413377e-05	0.001303885877947341	0.0	0.0	0.0	1.4901552890826753e-05	0.00038744037516149553	1.4901552890826753e-05	0.001244279666384034	5.215543511789364e-05	6.713155016520702e-05	7.491875248589785e-06	9.032577798345291e-05	3.781633363082183e-05	0.0001824559344210799	0.0	6.146966752363067e-05	0.00017772355749708668	0.0007146419810683571	0.00011710463017655162	0.000251187824047011	0.00011065010413755515	7.176354199965282e-05	0.00021792812343061481	7.379191565288874e-05	1.6704528873402305e-05	2.5573982462385786e-05	0.00016585618278678195	0.0	0.0	0.00022805337817369536	0.0002557440859426033	4.093242006282103e-05	0.0
	1	2	3	4	5	6	7	8	9	12	17	22	27	32	37	42	47	52	57	62	67	72	77	82	87	92	97	102	107	112	117	122	127	132	137	142	145
MAR2972_trim_R1	0.0	0.0	0.0013873081853752027	0.0	0.0	0.0	0.00010276356928705205	0.0	0.0004110542771482082	5.1381784643526024e-05	0.0	0.0	0.0	0.0	0.0002981297294040932	1.0296273202136847e-05	0.0	6.199827892777696e-05	0.0	5.186059209030548e-05	8.314133746767491e-05	0.0	0.0	0.0	2.0965637425088468e-05	5.256377720779954e-05	0.0	6.34847207619267e-05	0.0	0.18553668774265447	0.0	0.0	0.00044451136810041953	0.0014336430416215925	0.0	0.00025750887088797837	0.0
	1	2	3	4	5	6	7	8	9	12	17	22	27	32	37	42	47	52	57	62	67	72	77	82	87	92	97	102	107	112	117	122	127	132	137	142	147	150
MAR2972_trim_R2	0.0	0.008991812312617054	0.0	0.0	5.1381784643526024e-05	0.0012331628314446246	0.0	0.0	0.0	3.0829070786115616e-05	0.00042133063407691335	2.0552713857410408e-05	0.0013256500438029715	3.0829070786115616e-05	9.261963523917786e-05	2.0724858130574276e-05	9.386216528751859e-05	5.241064325993363e-05	0.000210889267317963	0.0	7.471769785806776e-05	0.0002252719998489605	0.0007327236426105952	0.00011902895314360334	0.00017394147912876191	6.56249436035641e-05	4.410066506007944e-05	0.0002006310738967715	3.391763238645479e-05	1.149956249914472e-05	5.8593704223668576e-05	0.00016782194092068316	0.0	0.0	0.00022120301127562833	0.0003770732463434332	1.4016507240577228e-05	0.0
	1	2	3	4	5	6	7	8	9	12	17	22	27	32	37	42	47	52	57	62	67	72	77	82	87	92	97	102	107	112	117	122	127	132	137	142	145
MAR2973_trim_R1	0.0	0.0	0.0023531046826415513	0.0	0.0	0.0	7.353452133254848e-05	0.0	0.0004412071279952909	5.147416493278394e-05	0.0	0.0	0.0	0.0	0.00036782066476817257	4.421215378843998e-05	0.0	0.0001553068575077332	0.0	9.653109567323125e-05	0.00011906624086594496	0.0	0.0	0.0	2.2533681093129903e-05	6.780001676920414e-05	0.0	0.00012892515477654426	0.0	0.19010202141816107	0.0	0.0	0.0007323030996161459	0.001219959309913454	0.0	0.0003678256546523383	0.0
	1	2	3	4	5	6	7	8	9	12	17	22	27	32	37	42	47	52	57	62	67	72	77	82	87	92	97	102	107	112	117	122	127	132	137	142	147	150
MAR2973_trim_R2	0.0	0.008382935431910526	0.0	3.676726066627424e-05	0.0003309053459964681	0.0013236213839858725	0.0	0.0	0.0	0.00010294832986556788	0.000529448553594349	5.147416493278394e-05	0.0014045093574516759	8.088797346580331e-05	0.00015461397932722747	4.4397379933020634e-05	0.0001711169090810479	0.0001347000297687066	0.00030123247005881036	0.0	0.00012968224417412053	0.0003148116339944659	0.0007956341161420335	0.00018643866874711506	0.0002579048218667026	0.00012598561102588273	7.94981061961142e-05	0.0003059984883674675	7.366383622924972e-05	8.34335509335964e-06	7.668472506736753e-05	0.000296918181400591	0.0	0.0	0.00031425422900486545	0.00029599787197263244	3.084188475991443e-05	0.0
	1	2	3	4	5	6	7	8	9	12	17	22	27	32	37	42	47	52	57	62	67	72	77	82	87	92	97	102	107	112	117	122	127	132	137	142	145
MAR2974_trim_R1	0.0	0.0	0.0022061752736918013	0.0	0.0	0.0	0.0	0.0	0.0005042686339866974	0.0	0.0	0.0	0.0	0.0	0.00022700367632453808	2.5260103283510307e-05	0.0	0.00011404424460513702	0.0	3.816134566063522e-05	6.372841295603734e-05	0.0	0.0	0.0	1.2852008479755196e-05	2.5769542977155303e-05	0.0	0.00011667709846354412	0.0	0.1885253171565517	0.0	0.0	0.000665503348704197	0.0012811514382991267	0.0	0.00037020767938875863	0.0
	1	2	3	4	5	6	7	8	9	12	17	22	27	32	37	42	47	52	57	62	67	72	77	82	87	92	97	102	107	112	117	122	127	132	137	142	147	150
MAR2974_trim_R2	0.0	0.007311895192807112	6.303357924833718e-05	0.0	0.0002521343169933487	0.001386738743463418	0.0	0.0	0.0	0.0001134604426470069	0.0003151678962416859	5.042686339866974e-05	0.0011976380057184062	1.2606715849667435e-05	0.00013897062186321197	5.095877664284089e-05	0.00010271704561124731	6.464329699431941e-05	0.0002737742280414166	0.0	7.920420891166157e-05	0.00011947715205233205	0.0007605969164600378	0.00017430427788285197	0.00022913336370473605	0.00016283628236625543	9.583703104544784e-05	0.00020786647101350562	5.63036908476943e-05	2.8681697405797834e-05	5.856403047027942e-05	0.00022504657338836274	0.0	0.0	0.00019668084680938595	0.0002380981130894608	5.3681408356799564e-05	0.0
	1	2	3	4	5	6	7	8	9	12	17	22	27	32	37	42	47	52	57	62	67	72	77	82	87	92	97	102	107	112	117	122	127	132	137	142	145
MAR2975_trim_R1	0.0	0.0	0.002363074756820594	0.0	0.0	0.0	2.716177881402982e-05	0.0	0.000298779566954328	3.2594134576835786e-05	0.0	0.0	0.0	0.0	0.0002988989107580239	2.1772404348384596e-05	0.0	7.100791973177359e-05	0.0	8.225016717346478e-05	0.00014286559704659448	0.0	0.0	0.0	5.543747988312448e-06	4.446849943216505e-05	0.0	7.272199605992226e-05	5.6218967481318855e-06	0.19151536975103453	0.0	0.0	0.0005975858235769637	0.0012182482896982549	0.0	0.0003131786689218806	0.0
	1	2	3	4	5	6	7	8	9	12	17	22	27	32	37	42	47	52	57	62	67	72	77	82	87	92	97	102	107	112	117	122	127	132	137	142	147	150
MAR2975_trim_R2	0.0	0.0090177105662579	0.0	5.432355762805964e-05	8.148533644208945e-05	0.00149389783477164	0.0	0.0	0.0	3.2594134576835786e-05	0.00042915610526167116	3.2594134576835786e-05	0.001352656584938685	4.345884610244771e-05	9.248182093006138e-05	5.470911437432742e-06	0.00011558429678348716	8.309988267958563e-05	0.000245481453569331	0.0	0.0001131593583638062	0.0002222313900584845	0.0007742837316277526	0.00014427163139590769	0.00020331244772328687	8.198906406438062e-05	3.549954726244058e-05	0.00015599046898234518	4.2745883174524234e-05	6.234827547163976e-06	4.465576402567375e-05	0.00017691372821700577	0.0	0.0	0.0003313681759766717	0.00022458525840330658	1.565020416473843e-05	0.0
	1	2	3	4	5	6	7	8	9	12	17	22	27	32	37	42	47	52	57	62	67	72	77	82	87	92	97	102	107	112	117	122	127	132	137	142	145
MAR2977_trim_R1	0.0	0.0	0.0017945774770863514	0.0	0.0	0.0	6.902221065716737e-05	0.0	0.0008972887385431757	1.3804442131433473e-05	0.0	0.0	0.0	0.0	0.0003866608630712362	0.0	0.0	0.00016647933117483634	0.0	0.00012531939039078763	0.00013951918619016773	0.0	0.0	0.0	2.813852143888018e-05	0.00011284505372623536	0.0	0.0001418973894569672	0.0	0.19358723096614744	0.0	0.0	0.0005342800776308952	0.001339178571939093	0.0	0.0002797090218124865	0.0
	1	2	3	4	5	6	7	8	9	12	17	22	27	32	37	42	47	52	57	62	67	72	77	82	87	92	97	102	107	112	117	122	127	132	137	142	147	150
MAR2977_trim_R2	0.0	0.009041909596088925	0.0	0.0	0.0002070666319715021	0.0012423997918290127	0.0	0.0	0.0	6.902221065716737e-05	0.0004831554746001716	5.521776852573389e-05	0.0014356619816690813	0.0	9.682418070490494e-05	1.3940637697742717e-05	0.0001545188402714868	7.071674675809681e-05	0.00024231100845993253	0.0	0.0001300266121132792	0.0003053111047464246	0.000628857510686556	0.000176458236158763	0.0002218926705152718	0.00010432209416767959	6.019342555367418e-05	0.000198264030649789	6.20502135147847e-05	3.165673964072766e-05	8.0926668622934e-05	0.00021599872660443023	0.0	0.0	0.00034701332932989535	0.00026599473862407	0.0	0.0
	1	2	3	4	5	6	7	8	9	12	17	22	27	32	37	42	47	52	57	62	67	72	77	82	87	92	97	102	107	112	117	122	127	132	137	142	145
MAR2979_trim_R1	0.0	0.0	0.0015503458733888101	0.0	0.0	0.0	2.9251808931864346e-05	0.0	0.00043877713397796523	4.680289429098295e-05	0.0	0.0	0.0	0.0	0.0002458038646688197	5.861057650124985e-06	0.0	8.819957847657454e-05	0.0	4.720568040113971e-05	6.50329637312935e-05	0.0	0.0	0.0	1.1923386518393793e-05	3.586378003882972e-05	5.994292474477501e-06	0.00010825002291292152	0.0	0.1925128978287035	0.0	0.0	0.0005157100695598547	0.0013135963986543161	0.0	0.0003359121064238053	0.0
	1	2	3	4	5	6	7	8	9	12	17	22	27	32	37	42	47	52	57	62	67	72	77	82	87	92	97	102	107	112	117	122	127	132	137	142	147	150
MAR2979_trim_R2	0.0	0.008570780017036253	0.0	0.0	0.0	0.0009360578858196591	0.0	0.0	0.0	5.850361786372869e-06	0.00043877713397796523	2.3401447145491476e-05	0.0013689846580112516	4.0952532504610085e-05	9.962464948239134e-05	5.89984981342315e-06	0.00012470769407278581	0.00010155983358764116	0.00025868192176123166	6.055250650137123e-06	0.00010354968944534463	0.00015930836640360566	0.0008316839807869911	0.00015480819388624052	0.00021791642880050765	0.00013165399674576396	5.69454282470204e-05	0.00018578929699892627	7.160175934635665e-05	1.326843740598068e-05	6.099017549923e-05	0.00021542110761333636	0.0	0.0	0.00020514160849255866	0.00030745425198982026	2.4658032136155736e-05	0.0
	1	2	3	4	5	6	7	8	9	12	17	22	27	32	37	42	47	52	57	62	67	72	77	82	87	92	97	102	107	112	117	122	127	132	137	142	145
MAR2980_trim_R1	0.0	0.0	0.0015904455121887766	0.0	0.0	0.0	0.0	0.0	0.0002840081271765673	4.544130034825077e-05	0.0	0.0	0.0	0.0	0.00027277094707550334	1.138600468739041e-05	0.0	0.00010288763287223288	0.0	9.18518246364964e-05	9.205651257250313e-05	0.0	0.0	0.0	2.3237194475914706e-05	3.495829591824606e-05	0.0	0.00010558789934516731	0.0	0.18704008266712763	0.0	0.0	0.0004692642997798656	0.001154578191172547	0.0	0.00026042114265505605	0.0
	1	2	3	4	5	6	7	8	9	12	17	22	27	32	37	42	47	52	57	62	67	72	77	82	87	92	97	102	107	112	117	122	127	132	137	142	147	150
MAR2980_trim_R2	0.0	0.009883482825744541	0.0	0.0	5.680162543531346e-05	0.001363239010447523	0.0	0.0	0.0	2.2720650174125384e-05	0.00040897170313425687	0.0	0.0012041944592286454	5.680162543531346e-05	0.00010235478556956742	0.0	0.000126219770651792	9.221848865424407e-05	0.00020853515868019486	1.1645114664786058e-05	0.00011706947933114929	0.0002707328066128489	0.0006153254858823034	0.00010702365317867384	0.00022713875344578454	7.220340855444323e-05	7.283171782467681e-05	0.00020885175149835773	2.495035191847622e-05	3.8109538245779846e-05	2.5918600561448724e-05	0.0001857401206488221	0.0	0.0	0.00036043543484012163	0.00022380547186474272	1.551270017006573e-05	0.0
	1	2	3	4	5	6	7	8	9	12	17	22	27	32	37	42	47	52	57	62	67	72	77	82	87	92	97	102	107	112	117	122	127	132	137	142	145
MAR2981_trim_R1	0.0	0.0	0.0016736837407203534	0.0	0.0	0.0	0.0	0.0	0.0004463156641920943	2.231578320960471e-05	0.0	0.0	0.0	0.0	0.00028278200640233345	2.9817355281093427e-05	0.0	8.979266200897163e-05	0.0	6.010693173422849e-05	0.0001280064575492938	0.0	0.0	0.0	7.599109293201526e-06	3.810052427083407e-05	7.644016909482685e-06	0.00011506550333908584	1.5425116995656133e-05	0.18626081129884334	0.0	0.0	0.0005650172172853618	0.0012464625474906332	0.0	0.00040868165852893504	0.0
	1	2	3	4	5	6	7	8	9	12	17	22	27	32	37	42	47	52	57	62	67	72	77	82	87	92	97	102	107	112	117	122	127	132	137	142	147	150
MAR2981_trim_R2	0.0	0.008777541395777855	0.0	0.0	0.0	0.0010414032164482198	0.0	0.0	0.0	2.9754377612806285e-05	0.00046119285299849744	2.9754377612806285e-05	0.0013091926149634764	5.207016082241099e-05	0.00011172715810875119	7.488692448836878e-06	0.00012799488261401086	9.079183875187853e-05	0.0002814599158480494	7.648469606243783e-06	0.00010765402426506328	0.00026287890127752963	0.0006839151093479226	0.00014836509088103641	0.00021978687894311396	9.481135384924615e-05	4.7815783001776036e-05	0.00019355722204739346	5.733210926549951e-05	4.170687557028939e-05	7.663964125835479e-05	0.0002442747452279838	0.0	0.0	0.0003041522388408682	0.0003151353191060241	3.076724588741916e-05	0.0
	1	2	3	4	5	6	7	8	9	12	17	22	27	32	37	42	47	52	57	62	67	72	77	82	87	92	97	102	107	112	117	122	127	132	137	142	145
MAR2990_trim_R1	0.0	0.0	0.0021334028903181347	0.0	0.0	0.0	8.050576944596734e-05	0.0	0.0004025288472298367	8.050576944596735e-06	0.0	0.0	0.0	0.0	0.0003060398905279204	8.066030461202717e-06	0.0	8.094611765016335e-05	0.0	9.752008060359728e-05	9.773457764653833e-05	0.0	0.0	0.0	2.4661561175468653e-05	4.9465610641833615e-05	1.6540841861033275e-05	5.809585201426203e-05	0.0	0.19027187340539914	0.0	0.0	0.0005667213712634426	0.0014076694969086603	0.0	0.0003026357926801756	0.0
	1	2	3	4	5	6	7	8	9	12	17	22	27	32	37	42	47	52	57	62	67	72	77	82	87	92	97	102	107	112	117	122	127	132	137	142	147	150
MAR2990_trim_R2	0.0	0.00909715194739431	0.0	4.025288472298367e-05	8.050576944596734e-05	0.0014088509653044285	0.0	0.0	0.0	3.220230777838694e-05	0.00043473115500822365	3.220230777838694e-05	0.0013444463497476547	3.220230777838694e-05	8.060256543457316e-05	8.099530923766082e-06	0.00011399862387375466	7.370951832303966e-05	0.00020600469064440408	1.6583015029269435e-05	0.00011682158181929086	0.00025193703891847796	0.0007348578734192953	0.00015287240886575042	0.0002562893185190134	0.0001118755558278817	7.817798730250503e-05	0.00021114656809406436	8.940636498217326e-05	3.6450737056685e-05	8.377895202770664e-05	0.0003054094017802887	0.0	0.0	0.0002814127503739663	0.0003674842181740833	3.3829293326359984e-05	0.0
	1	2	3	4	5	6	7	8	9	12	17	22	27	32	37	42	47	52	57	62	67	72	77	82	87	92	97	102	107	112	117	122	127	132	137	142	145
SOR3003_trim_R1	0.0	0.0	0.0018753190290163233	0.0	0.0	0.0	2.568930176734689e-05	2.568930176734689e-05	0.00048809673357959094	4.624074318122441e-05	0.0	0.0	0.0	0.0	0.00037006763448604776	2.059062138377212e-05	0.0	0.00010848367103783539	0.0	0.00011406622716258029	0.00013507164303848025	0.0	0.0	0.0	5.240170919702922e-06	4.203603423435646e-05	5.270061675531789e-06	0.00013220198750352782	5.31515069887322e-06	0.19065802958435712	0.0	0.0	0.0005824163188393208	0.0015253631588548653	0.0	0.00033771005565461716	0.0
	1	2	3	4	5	6	7	8	9	12	17	22	27	32	37	42	47	52	57	62	67	72	77	82	87	92	97	102	107	112	117	122	127	132	137	142	147	150
SOR3003_trim_R2	0.0	0.009607798860987738	2.568930176734689e-05	7.706790530204069e-05	7.706790530204069e-05	0.0013101543901346917	0.0	0.0	0.0	4.624074318122441e-05	0.0005086481749934685	3.082716212081627e-05	0.001423187317911018	6.679218459510192e-05	0.0001234893331200398	1.5523241112000134e-05	0.00011975224821829481	8.385199284742501e-05	0.00022691252163452582	0.0	0.00012844531133136507	0.0002910314613093883	0.0007269045210369152	0.00014191856210732907	0.00025817900088462016	9.966173147309175e-05	6.153148739616981e-05	0.00021555890566870003	6.352627417824433e-05	1.7690237571635143e-05	7.241633891232832e-05	0.0002603734002534301	0.0	0.0	0.00028659029672126375	0.00033364826416651004	3.713739051897275e-05	0.0
	1	2	3	4	5	6	7	8	9	12	17	22	27	32	37	42	47	52	57	62	67	72	77	82	87	92	97	102	107	112	117	122	127	132	137	142	145
SOR3005_trim_R1	0.0	0.0	0.00167962666602169	0.0	0.0	0.0	0.0001343701332817352	0.0	0.00043670293316563945	4.0311039984520565e-05	0.0	0.0	0.0	0.0	0.0003494939327853269	0.0	0.0	9.455737221280326e-05	0.0	8.812398475238143e-05	0.0001018851053892738	0.0	0.0	0.0	6.850334173001628e-06	5.494164750633941e-05	0.0	0.00010363569923731724	0.0	0.19083611957842558	0.0	0.0	0.0005205157675070056	0.00135668632957387	0.0	0.00028038221703826656	0.0
	1	2	3	4	5	6	7	8	9	12	17	22	27	32	37	42	47	52	57	62	67	72	77	82	87	92	97	102	107	112	117	122	127	132	137	142	147	150
SOR3005_trim_R2	0.0	0.01078320319585925	0.0	0.0	3.35925333204338e-05	0.0011085535995743153	0.0	0.0	0.0	0.0	0.0005106065064705938	1.3437013328173521e-05	0.0013907308794659594	6.046655997678084e-05	0.00010763214132530685	6.761161562147448e-06	0.00013595444438477554	6.838261908029617e-05	0.0002546252855158058	0.0	0.00012549729173358404	0.00027369631078426625	0.0006778026823193899	0.00018462098660603144	0.0002143262678774005	0.00010076867787032021	5.086895068255231e-05	0.0002209035100831407	9.735764608383736e-05	2.2917251534023523e-05	0.00010150094126507494	0.0002644413420221813	0.0	0.0	0.0002897796813863622	0.00035558405090650686	5.705061987400181e-05	0.0
	1	2	3	4	5	6	7	8	9	12	17	22	27	32	37	42	47	52	57	62	67	72	77	82	87	92	97	102	107	112	117	122	127	132	137	142	145
SOR3006_trim_R1	0.0	0.0	0.0019031346113873465	0.0	0.0	0.0	2.973647830292729e-05	0.0	0.0005055201311497639	1.1894591321170914e-05	0.0	0.0	0.0	0.0	0.00030936513099203816	5.957843372706536e-06	0.0	9.564113723767953e-05	0.0	8.998187944911654e-05	9.616425431622738e-05	0.0	0.0	0.0	6.060567493358375e-06	4.860783514555495e-05	6.092944455621612e-06	0.00012225535953742486	0.0	0.19026362522734763	0.0	0.0	0.00048619037027043124	0.0013626080369736552	0.0	0.00038215020635105483	0.0
	1	2	3	4	5	6	7	8	9	12	17	22	27	32	37	42	47	52	57	62	67	72	77	82	87	92	97	102	107	112	117	122	127	132	137	142	147	150
SOR3006_trim_R2	0.0	0.010259085014509913	0.0	0.0	0.0	0.0013084050453288007	0.0	0.0	0.0	5.947295660585457e-06	0.0005174147224709349	2.3789182642341828e-05	0.0014868239151463645	3.568377396351274e-05	0.00010123453128918187	0.0	0.000120341244446402	7.868547798371246e-05	0.0002680114996425092	0.0	0.00010492597194933754	0.0002609530053460572	0.0008064016035014583	0.00014462103441263802	0.0002530519488447894	0.00014022225737693364	5.148201269958289e-05	0.00019561771967902523	5.30401450913169e-05	2.0287823349864528e-05	6.91155169795745e-05	0.0002765219662668726	0.0	0.0	0.0003029357268259218	0.0004191532733089725	3.360636262542315e-05	0.0
	1	2	3	4	5	6	7	8	9	12	17	22	27	32	37	42	47	52	57	62	67	72	77	82	87	92	97	102	107	112	117	122	127	132	137	142	145
SOR3007_trim_R1	0.0	0.0	0.0015971204157280605	0.0	0.0	0.0	0.0	0.0	0.0004767523629038986	3.814018903231189e-05	0.0	0.0	0.0	0.0	0.00034340349782217795	9.554492183039993e-06	0.0	0.00013426561623002767	0.0	0.00012035936996973058	0.00014957251451613315	0.0	0.0	0.0	2.921593772252806e-05	3.906373409355266e-05	4.897981414511563e-06	0.00010322294982386478	4.942052946585402e-06	0.1870179983157024	0.0	0.0	0.0005536288352249503	0.001288315759567046	0.0	0.0003549320788322713	0.0
	1	2	3	4	5	6	7	8	9	12	17	22	27	32	37	42	47	52	57	62	67	72	77	82	87	92	97	102	107	112	117	122	127	132	137	142	147	150
SOR3007_trim_R2	0.0	0.009940286766546288	0.0	0.0	0.00011918809072597465	0.001048855198388577	0.0	0.0	0.0	1.4302570887116961e-05	0.0005339626464523665	2.383761814519493e-05	0.0012967664270986043	5.2442759919428846e-05	0.00012886225226589954	9.586244735773616e-06	0.00016851425698019754	8.705781161037799e-05	0.0002284379597010165	9.772425138215074e-06	0.0001375668279998019	0.0002915016882394385	0.0006754673103870134	0.00015472435855523386	0.00022577881272555617	0.00011616579343661246	6.113903551642996e-05	0.00022689619210434253	5.761435808465361e-05	2.6680961970344215e-05	9.258998534736249e-05	0.0002734297487548902	0.0	0.0	0.00026743469047321657	0.00035875721967434666	3.2744594260422734e-05	0.0
	1	2	3	4	5	6	7	8	9	12	17	22	27	32	37	42	47	52	57	62	67	72	77	82	87	92	97	102	107	112	117	122	127	132	137	142	145
SOR3011_trim_R1	0.0	0.0	0.001578201460572845	0.0	0.0	0.0	5.2606715352428176e-05	0.0	0.0004208537228194254	4.208537228194254e-05	0.0	0.0	0.0	0.0	0.0002841852188741929	2.108322666977574e-05	0.0	9.521037843903855e-05	0.0	8.495856411530789e-05	8.51358091748946e-05	0.0	0.0	0.0	2.147566603019951e-05	4.306539943857792e-05	1.0797761278558593e-05	0.00010834887688262946	0.0	0.19169955618887508	0.0	0.0	0.0005795074572951297	0.0014646862417177471	0.0	0.0003580754304991703	0.0
	1	2	3	4	5	6	7	8	9	12	17	22	27	32	37	42	47	52	57	62	67	72	77	82	87	92	97	102	107	112	117	122	127	132	137	142	147	150
SOR3011_trim_R2	0.0	0.010521343070485634	0.0	0.0	0.0	0.0014729880298679887	0.0	0.0	0.0	0.0	0.0004418964089603966	1.0521343070485635e-05	0.0013046465407402185	6.31280584229138e-05	0.00010534604860139953	0.0	0.00012775291564091722	8.569461267963197e-05	0.0002156373523140206	0.0	0.00015295897498257633	0.0002639727078617342	0.0006307735142406527	0.0001446870202720984	0.00027991821909310974	0.00011279870507086579	5.69514287461881e-05	0.00021931361072965295	3.521367304667995e-05	1.197503110214953e-05	7.346573246008698e-05	0.00027651818854945725	0.0	0.0	0.0002891153442186637	0.00034302110694626315	4.4708063054463804e-05	0.0
	1	2	3	4	5	6	7	8	9	12	17	22	27	32	37	42	47	52	57	62	67	72	77	82	87	92	97	102	107	112	117	122	127	132	137	142	145
SOR3012_trim_R1	0.0	0.0	0.0018186716195157107	0.0	0.0	0.0	3.788899207324396e-05	0.0	0.00037888992073243966	3.0311193658595177e-05	0.0	0.0	0.0	0.0	0.0003032279984965956	3.796042291859015e-05	0.0	9.141717649518125e-05	0.0	7.646304583049687e-05	0.00014557481672130575	0.0	0.0	0.0	0.0	4.649189948389342e-05	7.770659853352107e-06	0.00011694588796817825	0.0	0.19153752256834491	0.0	0.0	0.0005062287363518283	0.0012423900503441296	0.0	0.0003425271913070024	0.0
	1	2	3	4	5	6	7	8	9	12	17	22	27	32	37	42	47	52	57	62	67	72	77	82	87	92	97	102	107	112	117	122	127	132	137	142	147	150
SOR3012_trim_R2	0.0	0.009737470962823699	0.0	0.0	0.0	0.0015155596829297586	0.0	0.0	0.0	1.5155596829297589e-05	0.0005077124937814692	3.0311193658595177e-05	0.001356425916222134	7.577798414648793e-05	0.00019730321413765557	0.0	0.0001612143958006874	0.00010817552777487808	0.0002878792712141736	0.0	0.00014990826403232086	0.00025426020926250876	0.0007437118562784034	0.00017700375288184236	0.00022672053762564973	0.0001305783797948891	4.122066932968679e-05	0.0002758463886692334	6.805223281077157e-05	2.6056395768163395e-05	6.222034178522604e-05	0.00016440785496888948	0.0	0.0	0.00034150827128010864	0.00022974632142199608	1.090602691040328e-05	0.0
	1	2	3	4	5	6	7	8	9	12	17	22	27	32	37	42	47	52	57	62	67	72	77	82	87	92	97	102	107	112	117	122	127	132	137	142	145
SOR3013_trim_R1	0.0	0.0	0.0014838817656812656	0.0	0.0	0.0	6.901775654331468e-05	0.0	0.00048312429580320276	2.760710261732587e-05	0.0	0.0	0.0	0.0	0.00026926802594086737	6.914469737958883e-06	0.0	0.0001248760518465942	0.0	4.873271615900985e-05	7.672740058936409e-05	0.0	0.0	0.0	7.03411821665689e-06	3.5259389222756126e-05	7.071541655481845e-06	0.00012060936676464167	1.4258058743914928e-05	0.19012370279172544	0.0	0.0	0.0006012462275510618	0.0013701761143070177	0.0	0.0003733155883990314	0.0
	1	2	3	4	5	6	7	8	9	12	17	22	27	32	37	42	47	52	57	62	67	72	77	82	87	92	97	102	107	112	117	122	127	132	137	142	147	150
SOR3013_trim_R2	0.0	0.01062873450767046	0.0	0.0	0.0	0.001311337374322979	0.0	0.0	0.0	0.0	0.0004417136418772139	0.0	0.001325140925631642	1.3803551308662935e-05	0.00011749446238231632	6.9494833024417225e-06	0.00016076946783698452	0.00010552656701675692	0.00029045069659640663	0.0	8.621704811363924e-05	0.00022430708827041073	0.0007356066540792957	0.00013190300644324202	0.000221257669897127	0.00014866061984640088	3.7548007004355416e-05	0.00018277513426547128	3.100607184153355e-05	2.374473084635244e-05	4.049576535781653e-05	0.00024127804815710161	0.0	0.0	0.00028348735536658026	0.000361216352340316	4.962671282877325e-05	0.0
	1	2	3	4	5	6	7	8	9	12	17	22	27	32	37	42	47	52	57	62	67	72	77	82	87	92	97	102	107	112	117	122	127	132	137	142	145
SOR3017_trim_R1	0.0	0.0	0.0019690137815818447	0.0	0.0	0.0	0.0	0.0	0.00045438779574965654	5.048753286107295e-05	0.0	0.0	0.0	0.0	0.0002828420535222018	1.0118042138610095e-05	0.0	0.00014216760097860053	0.0	9.175281831524903e-05	0.0001123817054843294	0.0	0.0	0.0	1.0311566029906841e-05	4.136240310598557e-05	1.0372234606670342e-05	0.00014574483888897045	1.0465691892123834e-05	0.19066026211831966	0.0	0.0	0.0005794711942682645	0.001254580607026051	0.0	0.00026442428739379054	0.0
	1	2	3	4	5	6	7	8	9	12	17	22	27	32	37	42	47	52	57	62	67	72	77	82	87	92	97	102	107	112	117	122	127	132	137	142	147	150
SOR3017_trim_R2	0.0	0.00944116864502064	0.0	0.0	5.048753286107295e-05	0.0014641384529711155	0.0	0.0	0.0	6.0585039433287544e-05	0.0003736077431719398	5.048753286107295e-05	0.0012419933083823945	3.0292519716643772e-05	0.00010112027103468486	2.0340096584948635e-05	0.0001023246419123575	4.120544043671174e-05	0.00018673746921555012	0.0	0.00010523505459647249	0.00022259177167256836	0.0005228990848519016	8.591650247665057e-05	0.00018380977547960295	0.00010903161175325883	4.4077212698116056e-05	0.00017888519640029318	5.694263382686273e-05	3.4901699363742025e-05	9.527814608736125e-05	0.00022039142251276342	0.0	0.0	0.00024304614595650206	0.00028113029559866625	1.4715081442825507e-05	0.0
	1	2	3	4	5	6	7	8	9	12	17	22	27	32	37	42	47	52	57	62	67	72	77	82	87	92	97	102	107	112	117	122	127	132	137	142	145
SOR3020_trim_R1	0.0	0.0	0.002031866298221578	0.0	0.0	0.0	8.293331829475828e-05	0.0	0.0006219998872106871	3.3173327317903314e-05	0.0	0.0	0.0	0.0	0.00034844743438154066	8.308280406125363e-06	0.0	0.00013338747753358885	0.0	8.367162468456843e-05	0.00010899635818014315	0.0	0.0	0.0	8.455786510331575e-06	3.390881106892102e-05	0.0	0.00013647086679641635	0.0	0.19375719027565352	0.0	0.0	0.0006425167237286959	0.0013845022438437836	0.0	0.0003270952530348131	0.0
	1	2	3	4	5	6	7	8	9	12	17	22	27	32	37	42	47	52	57	62	67	72	77	82	87	92	97	102	107	112	117	122	127	132	137	142	147	150
SOR3020_trim_R2	0.0	0.01011786483196051	0.0	0.0	4.146665914737914e-05	0.0012439997744213742	0.0	0.0	0.0	0.0	0.0005971198917222596	2.4879995488427487e-05	0.0013601064200340358	5.80533228063308e-05	0.00017440836322983358	0.0	0.0001848840949003336	0.00015227564531246075	0.0003067240036070743	0.0	0.000198764926597841	0.0002611170587774499	0.0006657978588641699	0.00021154915595853317	0.00023069506025976793	0.00012522956143981437	8.134632138828886e-05	0.0002291363977485241	6.530777970529024e-05	1.9050736110917957e-05	9.744696741139538e-05	0.0003002992782607146	0.0	0.0	0.0002859890237412688	0.0004116139152944297	2.3878991776433417e-05	0.0
	1	2	3	4	5	6	7	8	9	12	17	22	27	32	37	42	47	52	57	62	67	72	77	82	87	92	97	102	107	112	117	122	127	132	137	142	145
SOR3021_trim_R1	0.0	0.0	0.0014463307532050374	0.0	0.0	0.0	6.288394579152337e-05	0.0	0.0004401876205406636	4.401876205406636e-05	0.0	0.0	0.0	0.0	0.0002767957818335909	6.300897468330901e-06	0.0	5.691165130104777e-05	0.0	6.984527430366326e-05	0.00010182291658380297	0.0	0.0	0.0	1.926989205263404e-05	5.153125112724612e-05	6.46083898129109e-06	8.429091596150292e-05	0.0	0.18987621925134182	0.0	0.0	0.0006060935006142315	0.00136192180024769	0.0	0.000272026427224233	0.0
	1	2	3	4	5	6	7	8	9	12	17	22	27	32	37	42	47	52	57	62	67	72	77	82	87	92	97	102	107	112	117	122	127	132	137	142	147	150
SOR3021_trim_R2	0.0	0.009967105407956454	0.0	0.0	0.0	0.001194794970038944	0.0	0.0	0.0	0.0	0.0004464760151198159	1.2576789158304674e-05	0.0012513905212513151	5.0307156633218695e-05	0.00010075036351990539	6.3305342875980715e-06	0.00010186708357468404	8.969714272314631e-05	0.00019995379132383727	1.298779815844711e-05	0.00010461978065809112	0.00026337928928810747	0.0005898605490130374	0.0001267021094700891	0.0001879188577110624	8.116673941235687e-05	4.7830912531131944e-05	0.00023552543785564342	6.343343622941506e-05	2.15785174637819e-05	5.1497033476602985e-05	0.0001812615440945895	0.0	0.0	0.00032337042862004073	0.00023258853030150452	2.6979436273672208e-05	0.0

