	22.0	23.0	24.0	25.0	26.0	27.0	28.0	29.0	30.0	31.0	32.0	33.0	34.0	35.0	36.0	37.0	38.0	39.0	40.0	41.0
CAB2918_trim_R1	1.0	5.0	48.0	214.0	758.0	2191.0	4990.0	9249.0	15297.0	22511.0	31309.0	40503.0	51178.0	64173.0	80379.0	102913.0	142667.0	242675.0	862870.0	30052.0
	17.0	18.0	19.0	20.0	21.0	22.0	23.0	24.0	25.0	26.0	27.0	28.0	29.0	30.0	31.0	32.0	33.0	34.0	35.0	36.0	37.0	38.0	39.0	40.0
CAB2918_trim_R2	1.0	0.0	3.0	16.0	54.0	162.0	496.0	1172.0	2408.0	4640.0	7787.0	12360.0	18556.0	25713.0	35085.0	46128.0	60046.0	75947.0	96925.0	125907.0	168647.0	244346.0	400155.0	377429.0
	22.0	23.0	24.0	25.0	26.0	27.0	28.0	29.0	30.0	31.0	32.0	33.0	34.0	35.0	36.0	37.0	38.0	39.0	40.0	41.0
CAB2919_trim_R1	2.0	4.0	32.0	201.0	737.0	2165.0	4898.0	9639.0	15712.0	23462.0	32956.0	42809.0	54483.0	68398.0	85760.0	110470.0	152901.0	260375.0	931657.0	32640.0
	19.0	20.0	21.0	22.0	23.0	24.0	25.0	26.0	27.0	28.0	29.0	30.0	31.0	32.0	33.0	34.0	35.0	36.0	37.0	38.0	39.0	40.0
CAB2919_trim_R2	5.0	15.0	43.0	183.0	527.0	1301.0	2751.0	5029.0	8693.0	13759.0	20330.0	28584.0	38525.0	50898.0	65795.0	83304.0	106611.0	137100.0	184098.0	264644.0	429800.0	387306.0
	23.0	24.0	25.0	26.0	27.0	28.0	29.0	30.0	31.0	32.0	33.0	34.0	35.0	36.0	37.0	38.0	39.0	40.0	41.0
CAB2920_trim_R1	5.0	35.0	186.0	656.0	1811.0	3938.0	7502.0	12168.0	17824.0	24411.0	31472.0	39949.0	49614.0	62154.0	80310.0	112109.0	190760.0	749907.0	31160.0
	19.0	20.0	21.0	22.0	23.0	24.0	25.0	26.0	27.0	28.0	29.0	30.0	31.0	32.0	33.0	34.0	35.0	36.0	37.0	38.0	39.0	40.0
CAB2920_trim_R2	5.0	17.0	57.0	199.0	536.0	1290.0	2688.0	4876.0	8285.0	12946.0	18357.0	25657.0	33638.0	43028.0	54336.0	68046.0	85691.0	110763.0	150552.0	220439.0	334477.0	240088.0
	22.0	23.0	24.0	25.0	26.0	27.0	28.0	29.0	30.0	31.0	32.0	33.0	34.0	35.0	36.0	37.0	38.0	39.0	40.0	41.0
CAB2921_trim_R1	4.0	3.0	31.0	236.0	754.0	2176.0	4770.0	8812.0	14153.0	20814.0	28324.0	36383.0	46425.0	57881.0	72815.0	93656.0	130673.0	223417.0	873303.0	34818.0
	19.0	20.0	21.0	22.0	23.0	24.0	25.0	26.0	27.0	28.0	29.0	30.0	31.0	32.0	33.0	34.0	35.0	36.0	37.0	38.0	39.0	40.0
CAB2921_trim_R2	4.0	12.0	56.0	228.0	614.0	1387.0	3013.0	5608.0	9459.0	14612.0	21191.0	29613.0	38943.0	49997.0	63309.0	79700.0	100641.0	130241.0	176127.0	258227.0	390423.0	276043.0
	23.0	24.0	25.0	26.0	27.0	28.0	29.0	30.0	31.0	32.0	33.0	34.0	35.0	36.0	37.0	38.0	39.0	40.0	41.0
CAB2922_trim_R1	4.0	40.0	156.0	648.0	1807.0	3987.0	7785.0	12492.0	18571.0	25678.0	33339.0	42249.0	53333.0	67093.0	86494.0	120985.0	206527.0	825040.0	35052.0
	19.0	20.0	21.0	22.0	23.0	24.0	25.0	26.0	27.0	28.0	29.0	30.0	31.0	32.0	33.0	34.0	35.0	36.0	37.0	38.0	39.0	40.0
CAB2922_trim_R2	3.0	17.0	69.0	226.0	703.0	1647.0	3401.0	6199.0	10061.0	15491.0	21773.0	29984.0	39111.0	49300.0	62002.0	77570.0	97354.0	125952.0	170839.0	248208.0	358186.0	223184.0
	22.0	23.0	24.0	25.0	26.0	27.0	28.0	29.0	30.0	31.0	32.0	33.0	34.0	35.0	36.0	37.0	38.0	39.0	40.0	41.0
CAB2923_trim_R1	2.0	4.0	31.0	159.0	654.0	1760.0	3880.0	7239.0	11895.0	17605.0	24100.0	31531.0	39753.0	50173.0	62878.0	81838.0	113561.0	195780.0	777651.0	32121.0
	19.0	20.0	21.0	22.0	23.0	24.0	25.0	26.0	27.0	28.0	29.0	30.0	31.0	32.0	33.0	34.0	35.0	36.0	37.0	38.0	39.0	40.0
CAB2923_trim_R2	3.0	11.0	63.0	205.0	587.0	1475.0	2992.0	5633.0	9202.0	14371.0	20418.0	27925.0	36650.0	46387.0	58571.0	72946.0	92063.0	119180.0	162184.0	234933.0	338119.0	208697.0
	21.0	22.0	23.0	24.0	25.0	26.0	27.0	28.0	29.0	30.0	31.0	32.0	33.0	34.0	35.0	36.0	37.0	38.0	39.0	40.0	41.0
CAB2924_trim_R1	1.0	0.0	7.0	35.0	164.0	629.0	1708.0	3659.0	7034.0	11247.0	16778.0	22840.0	29776.0	37764.0	46943.0	58833.0	76906.0	106775.0	181610.0	736802.0	32393.0
	19.0	20.0	21.0	22.0	23.0	24.0	25.0	26.0	27.0	28.0	29.0	30.0	31.0	32.0	33.0	34.0	35.0	36.0	37.0	38.0	39.0	40.0
CAB2924_trim_R2	4.0	8.0	51.0	150.0	498.0	1179.0	2475.0	4918.0	8352.0	12667.0	18236.0	24955.0	32972.0	42217.0	53028.0	66235.0	83339.0	108187.0	147827.0	217540.0	328296.0	218770.0
	22.0	23.0	24.0	25.0	26.0	27.0	28.0	29.0	30.0	31.0	32.0	33.0	34.0	35.0	36.0	37.0	38.0	39.0	40.0	41.0
CAB2925_trim_R1	1.0	6.0	29.0	182.0	615.0	1698.0	3821.0	7023.0	11491.0	16782.0	22870.0	29487.0	37739.0	47082.0	59946.0	77158.0	107675.0	185108.0	745134.0	32556.0
	19.0	20.0	21.0	22.0	23.0	24.0	25.0	26.0	27.0	28.0	29.0	30.0	31.0	32.0	33.0	34.0	35.0	36.0	37.0	38.0	39.0	40.0
CAB2925_trim_R2	3.0	16.0	39.0	154.0	438.0	1183.0	2481.0	4722.0	8146.0	12459.0	18399.0	25085.0	32740.0	42557.0	53969.0	67112.0	85730.0	110562.0	150013.0	220481.0	331287.0	218827.0
	22.0	23.0	24.0	25.0	26.0	27.0	28.0	29.0	30.0	31.0	32.0	33.0	34.0	35.0	36.0	37.0	38.0	39.0	40.0	41.0
CAB2927_trim_R1	2.0	11.0	43.0	236.0	814.0	2266.0	5003.0	9388.0	15659.0	22737.0	30808.0	39949.0	50133.0	62927.0	78146.0	101816.0	141316.0	239850.0	835343.0	26754.0
	18.0	19.0	20.0	21.0	22.0	23.0	24.0	25.0	26.0	27.0	28.0	29.0	30.0	31.0	32.0	33.0	34.0	35.0	36.0	37.0	38.0	39.0	40.0
CAB2927_trim_R2	1.0	3.0	13.0	50.0	169.0	499.0	1115.0	2424.0	4422.0	7847.0	12361.0	18279.0	25771.0	34681.0	45538.0	59121.0	75403.0	96475.0	124518.0	166743.0	241478.0	391532.0	354758.0
	22.0	23.0	24.0	25.0	26.0	27.0	28.0	29.0	30.0	31.0	32.0	33.0	34.0	35.0	36.0	37.0	38.0	39.0	40.0	41.0
CAB2931_trim_R1	1.0	6.0	38.0	152.0	584.0	1735.0	3772.0	7064.0	12025.0	17454.0	24592.0	32277.0	41252.0	51743.0	65202.0	85301.0	119251.0	203536.0	807847.0	33447.0
	18.0	19.0	20.0	21.0	22.0	23.0	24.0	25.0	26.0	27.0	28.0	29.0	30.0	31.0	32.0	33.0	34.0	35.0	36.0	37.0	38.0	39.0	40.0
CAB2931_trim_R2	1.0	3.0	12.0	49.0	196.0	600.0	1515.0	2980.0	5723.0	9611.0	14441.0	20872.0	28449.0	37187.0	47071.0	59730.0	75172.0	94667.0	122174.0	167015.0	242470.0	353316.0	224025.0
	22.0	23.0	24.0	25.0	26.0	27.0	28.0	29.0	30.0	31.0	32.0	33.0	34.0	35.0	36.0	37.0	38.0	39.0	40.0	41.0
ESM2880_trim_R1	1.0	12.0	65.0	353.0	1290.0	3679.0	8104.0	15084.0	24605.0	35459.0	48802.0	63243.0	79940.0	100359.0	126235.0	163564.0	228953.0	392835.0	1511131.0	56162.0
	18.0	19.0	20.0	21.0	22.0	23.0	24.0	25.0	26.0	27.0	28.0	29.0	30.0	31.0	32.0	33.0	34.0	35.0	36.0	37.0	38.0	39.0	40.0
ESM2880_trim_R2	1.0	8.0	29.0	110.0	388.0	1100.0	2807.0	5919.0	10705.0	17927.0	27754.0	39911.0	54812.0	70671.0	91049.0	114689.0	143883.0	181654.0	235323.0	320936.0	465624.0	666762.0	407814.0
	23.0	24.0	25.0	26.0	27.0	28.0	29.0	30.0	31.0	32.0	33.0	34.0	35.0	36.0	37.0	38.0	39.0	40.0	41.0
ESM2882_trim_R1	14.0	87.0	483.0	1789.0	4998.0	11013.0	21008.0	33851.0	49068.0	67244.0	86069.0	109562.0	135917.0	171338.0	223109.0	310695.0	537176.0	2088044.0	80702.0
	19.0	20.0	21.0	22.0	23.0	24.0	25.0	26.0	27.0	28.0	29.0	30.0	31.0	32.0	33.0	34.0	35.0	36.0	37.0	38.0	39.0	40.0
ESM2882_trim_R2	1.0	22.0	118.0	427.0	1345.0	3311.0	7014.0	13150.0	22115.0	34925.0	50642.0	69505.0	92878.0	120003.0	152368.0	191814.0	242932.0	315311.0	430270.0	630723.0	939891.0	613402.0
	23.0	24.0	25.0	26.0	27.0	28.0	29.0	30.0	31.0	32.0	33.0	34.0	35.0	36.0	37.0	38.0	39.0	40.0	41.0
ESM2883_trim_R1	12.0	68.0	385.0	1388.0	3889.0	8599.0	16446.0	26231.0	38973.0	53037.0	68832.0	86860.0	108033.0	136511.0	174932.0	242107.0	409295.0	1494232.0	54974.0
	18.0	19.0	20.0	21.0	22.0	23.0	24.0	25.0	26.0	27.0	28.0	29.0	30.0	31.0	32.0	33.0	34.0	35.0	36.0	37.0	38.0	39.0	40.0
ESM2883_trim_R2	1.0	4.0	20.0	105.0	309.0	874.0	2133.0	4572.0	8685.0	14922.0	23134.0	34166.0	47579.0	64261.0	83727.0	107706.0	136238.0	172056.0	220232.0	293436.0	423541.0	681231.0	605872.0
	23.0	24.0	25.0	26.0	27.0	28.0	29.0	30.0	31.0	32.0	33.0	34.0	35.0	36.0	37.0	38.0	39.0	40.0	41.0
ESM2886_trim_R1	5.0	42.0	271.0	1043.0	2803.0	6362.0	11776.0	19262.0	27801.0	38013.0	48833.0	61766.0	77075.0	97055.0	124349.0	174115.0	296475.0	1176002.0	49689.0
	16.0	17.0	18.0	19.0	20.0	21.0	22.0	23.0	24.0	25.0	26.0	27.0	28.0	29.0	30.0	31.0	32.0	33.0	34.0	35.0	36.0	37.0	38.0	39.0	40.0
ESM2886_trim_R2	1.0	0.0	1.0	0.0	20.0	98.0	287.0	814.0	2009.0	4297.0	7855.0	12997.0	20113.0	29139.0	40280.0	52976.0	68422.0	85749.0	107811.0	136103.0	175090.0	237393.0	346252.0	520864.0	364166.0
	23.0	24.0	25.0	26.0	27.0	28.0	29.0	30.0	31.0	32.0	33.0	34.0	35.0	36.0	37.0	38.0	39.0	40.0	41.0
ESM2887_trim_R1	6.0	51.0	255.0	1003.0	2701.0	6431.0	12256.0	20252.0	30424.0	42116.0	55873.0	70726.0	89784.0	113476.0	148154.0	206130.0	352966.0	1445705.0	63935.0
	18.0	19.0	20.0	21.0	22.0	23.0	24.0	25.0	26.0	27.0	28.0	29.0	30.0	31.0	32.0	33.0	34.0	35.0	36.0	37.0	38.0	39.0	40.0
ESM2887_trim_R2	2.0	7.0	26.0	124.0	392.0	1137.0	2755.0	5818.0	10930.0	17997.0	27356.0	38837.0	52687.0	67969.0	85851.0	107543.0	133118.0	166680.0	213850.0	290776.0	422217.0	618631.0	397541.0
	23.0	24.0	25.0	26.0	27.0	28.0	29.0	30.0	31.0	32.0	33.0	34.0	35.0	36.0	37.0	38.0	39.0	40.0	41.0
ESM2888_trim_R1	7.0	37.0	181.0	746.0	2123.0	4821.0	8856.0	14653.0	21535.0	29597.0	38648.0	48922.0	61614.0	77567.0	99740.0	138962.0	238045.0	957134.0	41382.0
	18.0	19.0	20.0	21.0	22.0	23.0	24.0	25.0	26.0	27.0	28.0	29.0	30.0	31.0	32.0	33.0	34.0	35.0	36.0	37.0	38.0	39.0	40.0
ESM2888_trim_R2	1.0	4.0	22.0	66.0	226.0	760.0	1793.0	3889.0	6927.0	11706.0	18028.0	25788.0	34601.0	45465.0	57972.0	72910.0	90557.0	113872.0	147738.0	200199.0	289364.0	411522.0	251160.0
	23.0	24.0	25.0	26.0	27.0	28.0	29.0	30.0	31.0	32.0	33.0	34.0	35.0	36.0	37.0	38.0	39.0	40.0	41.0
ESM2893_trim_R1	11.0	55.0	285.0	1086.0	3152.0	7148.0	13257.0	22467.0	33125.0	45443.0	59063.0	75069.0	93698.0	118001.0	153948.0	213318.0	364154.0	1461456.0	62531.0
	19.0	20.0	21.0	22.0	23.0	24.0	25.0	26.0	27.0	28.0	29.0	30.0	31.0	32.0	33.0	34.0	35.0	36.0	37.0	38.0	39.0	40.0
ESM2893_trim_R2	2.0	8.0	91.0	338.0	935.0	2213.0	4782.0	9040.0	15347.0	23464.0	34442.0	47253.0	62561.0	81553.0	102953.0	129197.0	163668.0	212503.0	287615.0	423086.0	650455.0	475761.0
	23.0	24.0	25.0	26.0	27.0	28.0	29.0	30.0	31.0	32.0	33.0	34.0	35.0	36.0	37.0	38.0	39.0	40.0	41.0
ESM2895_trim_R1	6.0	41.0	235.0	885.0	2610.0	5841.0	11216.0	18293.0	27431.0	38199.0	50463.0	63774.0	80472.0	101919.0	132279.0	184349.0	313348.0	1283131.0	55492.0
	18.0	19.0	20.0	21.0	22.0	23.0	24.0	25.0	26.0	27.0	28.0	29.0	30.0	31.0	32.0	33.0	34.0	35.0	36.0	37.0	38.0	39.0	40.0
ESM2895_trim_R2	1.0	2.0	21.0	86.0	281.0	920.0	2238.0	4650.0	8781.0	14535.0	22662.0	32396.0	44463.0	58495.0	74441.0	93231.0	117029.0	147278.0	191361.0	260437.0	379982.0	558655.0	358039.0
	23.0	24.0	25.0	26.0	27.0	28.0	29.0	30.0	31.0	32.0	33.0	34.0	35.0	36.0	37.0	38.0	39.0	40.0	41.0
ESM2896_trim_R1	9.0	31.0	206.0	712.0	2206.0	5059.0	9716.0	16135.0	24589.0	34176.0	45344.0	58196.0	73275.0	92751.0	119687.0	168208.0	286173.0	1167563.0	51583.0
	19.0	20.0	21.0	22.0	23.0	24.0	25.0	26.0	27.0	28.0	29.0	30.0	31.0	32.0	33.0	34.0	35.0	36.0	37.0	38.0	39.0	40.0
ESM2896_trim_R2	2.0	17.0	98.0	312.0	870.0	2130.0	4340.0	8262.0	13738.0	21147.0	30253.0	41410.0	54228.0	69410.0	87680.0	109097.0	137844.0	177725.0	241414.0	349442.0	501000.0	305200.0
	22.0	23.0	24.0	25.0	26.0	27.0	28.0	29.0	30.0	31.0	32.0	33.0	34.0	35.0	36.0	37.0	38.0	39.0	40.0	41.0
ESM2897_trim_R1	1.0	4.0	45.0	209.0	768.0	2108.0	4868.0	9090.0	15300.0	22783.0	31218.0	40739.0	51750.0	64899.0	82440.0	106794.0	149137.0	255054.0	1051686.0	47534.0
	20.0	21.0	22.0	23.0	24.0	25.0	26.0	27.0	28.0	29.0	30.0	31.0	32.0	33.0	34.0	35.0	36.0	37.0	38.0	39.0	40.0
ESM2897_trim_R2	12.0	64.0	237.0	611.0	1625.0	3488.0	6504.0	10859.0	17006.0	24519.0	34323.0	45411.0	58260.0	73658.0	93010.0	118337.0	152741.0	207516.0	306350.0	465544.0	316352.0
	22.0	23.0	24.0	25.0	26.0	27.0	28.0	29.0	30.0	31.0	32.0	33.0	34.0	35.0	36.0	37.0	38.0	39.0	40.0	41.0
MAR2971_trim_R1	1.0	12.0	52.0	352.0	1268.0	3647.0	8062.0	15259.0	24274.0	35905.0	48848.0	63187.0	80303.0	99468.0	124367.0	160794.0	222356.0	379658.0	1368092.0	48379.0
	17.0	18.0	19.0	20.0	21.0	22.0	23.0	24.0	25.0	26.0	27.0	28.0	29.0	30.0	31.0	32.0	33.0	34.0	35.0	36.0	37.0	38.0	39.0	40.0
MAR2971_trim_R2	1.0	0.0	1.0	13.0	64.0	261.0	822.0	1930.0	4118.0	7874.0	13484.0	21093.0	30874.0	43218.0	58443.0	75592.0	97134.0	123241.0	155723.0	199815.0	266077.0	384749.0	627577.0	572180.0
	23.0	24.0	25.0	26.0	27.0	28.0	29.0	30.0	31.0	32.0	33.0	34.0	35.0	36.0	37.0	38.0	39.0	40.0	41.0
MAR2972_trim_R1	9.0	51.0	205.0	806.0	2379.0	5106.0	9689.0	16350.0	24411.0	33584.0	43884.0	56612.0	71751.0	90350.0	117612.0	164010.0	280834.0	995818.0	32754.0
	19.0	20.0	21.0	22.0	23.0	24.0	25.0	26.0	27.0	28.0	29.0	30.0	31.0	32.0	33.0	34.0	35.0	36.0	37.0	38.0	39.0	40.0
MAR2972_trim_R2	4.0	24.0	71.0	277.0	768.0	1798.0	3807.0	7109.0	11925.0	18832.0	27456.0	37049.0	49667.0	63655.0	79889.0	98783.0	122607.0	153794.0	201693.0	290128.0	447627.0	329252.0
	22.0	23.0	24.0	25.0	26.0	27.0	28.0	29.0	30.0	31.0	32.0	33.0	34.0	35.0	36.0	37.0	38.0	39.0	40.0	41.0
MAR2973_trim_R1	1.0	10.0	64.0	344.0	1330.0	3597.0	7897.0	14654.0	23829.0	34545.0	46685.0	60136.0	75766.0	93883.0	116965.0	151939.0	208804.0	355739.0	1457330.0	66293.0
	18.0	19.0	20.0	21.0	22.0	23.0	24.0	25.0	26.0	27.0	28.0	29.0	30.0	31.0	32.0	33.0	34.0	35.0	36.0	37.0	38.0	39.0	40.0
MAR2973_trim_R2	1.0	8.0	27.0	93.0	339.0	915.0	2359.0	4826.0	9255.0	15832.0	24331.0	35174.0	48586.0	63625.0	82338.0	103018.0	129792.0	162580.0	208689.0	283585.0	417989.0	645966.0	480483.0
	23.0	24.0	25.0	26.0	27.0	28.0	29.0	30.0	31.0	32.0	33.0	34.0	35.0	36.0	37.0	38.0	39.0	40.0	41.0
MAR2974_trim_R1	6.0	33.0	182.0	597.0	1709.0	3898.0	7458.0	12403.0	18286.0	25136.0	32926.0	41781.0	52724.0	67879.0	88849.0	124672.0	215943.0	856158.0	35816.0
	18.0	19.0	20.0	21.0	22.0	23.0	24.0	25.0	26.0	27.0	28.0	29.0	30.0	31.0	32.0	33.0	34.0	35.0	36.0	37.0	38.0	39.0	40.0
MAR2974_trim_R2	1.0	9.0	34.0	120.0	421.0	973.0	2168.0	4419.0	7857.0	12427.0	18907.0	26111.0	34720.0	44543.0	56133.0	68653.0	85049.0	105151.0	132938.0	177805.0	252853.0	347025.0	208139.0
	21.0	22.0	23.0	24.0	25.0	26.0	27.0	28.0	29.0	30.0	31.0	32.0	33.0	34.0	35.0	36.0	37.0	38.0	39.0	40.0	41.0
MAR2975_trim_R1	2.0	2.0	8.0	100.0	458.0	1677.0	4660.0	10236.0	19297.0	30763.0	44808.0	60834.0	78888.0	99930.0	124558.0	156541.0	203064.0	281606.0	480169.0	1990550.0	93493.0
	19.0	20.0	21.0	22.0	23.0	24.0	25.0	26.0	27.0	28.0	29.0	30.0	31.0	32.0	33.0	34.0	35.0	36.0	37.0	38.0	39.0	40.0
MAR2975_trim_R2	10.0	45.0	164.0	533.0	1627.0	3845.0	7883.0	14464.0	23746.0	36039.0	52385.0	70326.0	92263.0	117475.0	145932.0	182251.0	230799.0	296816.0	402119.0	585879.0	860301.0	556742.0
	22.0	23.0	24.0	25.0	26.0	27.0	28.0	29.0	30.0	31.0	32.0	33.0	34.0	35.0	36.0	37.0	38.0	39.0	40.0	41.0
MAR2977_trim_R1	1.0	3.0	33.0	152.0	556.0	1527.0	3569.0	6628.0	10777.0	16413.0	22625.0	29794.0	38053.0	48472.0	62026.0	80543.0	113105.0	195790.0	786443.0	32299.0
	19.0	20.0	21.0	22.0	23.0	24.0	25.0	26.0	27.0	28.0	29.0	30.0	31.0	32.0	33.0	34.0	35.0	36.0	37.0	38.0	39.0	40.0
MAR2977_trim_R2	4.0	24.0	91.0	297.0	827.0	1983.0	4028.0	7315.0	11554.0	17326.0	23843.0	31801.0	41075.0	51280.0	62577.0	76751.0	95260.0	119783.0	159674.0	228243.0	320902.0	194171.0
	23.0	24.0	25.0	26.0	27.0	28.0	29.0	30.0	31.0	32.0	33.0	34.0	35.0	36.0	37.0	38.0	39.0	40.0	41.0
MAR2979_trim_R1	7.0	93.0	321.0	1340.0	3747.0	8583.0	16063.0	26284.0	39309.0	53829.0	70147.0	89626.0	112378.0	143806.0	187743.0	264861.0	456551.0	1863230.0	80674.0
	18.0	19.0	20.0	21.0	22.0	23.0	24.0	25.0	26.0	27.0	28.0	29.0	30.0	31.0	32.0	33.0	34.0	35.0	36.0	37.0	38.0	39.0	40.0
MAR2979_trim_R2	2.0	8.0	34.0	144.0	564.0	1641.0	3936.0	7873.0	14468.0	24443.0	36747.0	52138.0	69864.0	90372.0	113963.0	139726.0	173170.0	214785.0	274428.0	370515.0	537077.0	787733.0	504961.0
	22.0	23.0	24.0	25.0	26.0	27.0	28.0	29.0	30.0	31.0	32.0	33.0	34.0	35.0	36.0	37.0	38.0	39.0	40.0	41.0
MAR2980_trim_R1	1.0	8.0	46.0	228.0	947.0	2562.0	5588.0	10321.0	16728.0	24333.0	32476.0	41979.0	52927.0	65524.0	82367.0	105206.0	145526.0	246080.0	895463.0	32203.0
	18.0	19.0	20.0	21.0	22.0	23.0	24.0	25.0	26.0	27.0	28.0	29.0	30.0	31.0	32.0	33.0	34.0	35.0	36.0	37.0	38.0	39.0	40.0
MAR2980_trim_R2	1.0	1.0	14.0	46.0	169.0	486.0	1189.0	2664.0	4914.0	8576.0	13278.0	19484.0	27893.0	37046.0	48631.0	62429.0	80197.0	100927.0	129392.0	173259.0	251179.0	409948.0	388790.0
	23.0	24.0	25.0	26.0	27.0	28.0	29.0	30.0	31.0	32.0	33.0	34.0	35.0	36.0	37.0	38.0	39.0	40.0	41.0
MAR2981_trim_R1	10.0	68.0	361.0	1376.0	3579.0	8028.0	15099.0	24548.0	36340.0	49201.0	63878.0	80199.0	100038.0	126759.0	163489.0	227113.0	387631.0	1357426.0	43537.0
	18.0	19.0	20.0	21.0	22.0	23.0	24.0	25.0	26.0	27.0	28.0	29.0	30.0	31.0	32.0	33.0	34.0	35.0	36.0	37.0	38.0	39.0	40.0
MAR2981_trim_R2	2.0	5.0	11.0	91.0	287.0	941.0	2188.0	4743.0	8748.0	14913.0	23203.0	34040.0	47328.0	63020.0	80905.0	102369.0	129017.0	161809.0	205973.0	271906.0	390195.0	617741.0	529245.0
	23.0	24.0	25.0	26.0	27.0	28.0	29.0	30.0	31.0	32.0	33.0	34.0	35.0	36.0	37.0	38.0	39.0	40.0	41.0
MAR2990_trim_R1	7.0	62.0	262.0	1094.0	3100.0	6708.0	12799.0	21037.0	30577.0	42269.0	54505.0	69503.0	87251.0	109791.0	142223.0	198535.0	340199.0	1314053.0	50319.0
	19.0	20.0	21.0	22.0	23.0	24.0	25.0	26.0	27.0	28.0	29.0	30.0	31.0	32.0	33.0	34.0	35.0	36.0	37.0	38.0	39.0	40.0
MAR2990_trim_R2	1.0	22.0	89.0	280.0	884.0	2021.0	4386.0	8061.0	13752.0	21348.0	31215.0	43334.0	57515.0	74773.0	94647.0	119150.0	150672.0	196309.0	266616.0	390559.0	591587.0	417073.0
	22.0	23.0	24.0	25.0	26.0	27.0	28.0	29.0	30.0	31.0	32.0	33.0	34.0	35.0	36.0	37.0	38.0	39.0	40.0	41.0
SOR3003_trim_R1	3.0	15.0	88.0	424.0	1540.0	4556.0	10230.0	19154.0	31294.0	46784.0	64270.0	83289.0	106531.0	133964.0	169202.0	220439.0	307901.0	527554.0	2079459.0	85974.0
	18.0	19.0	20.0	21.0	22.0	23.0	24.0	25.0	26.0	27.0	28.0	29.0	30.0	31.0	32.0	33.0	34.0	35.0	36.0	37.0	38.0	39.0	40.0
SOR3003_trim_R2	1.0	6.0	34.0	164.0	571.0	1653.0	3898.0	8254.0	15148.0	25623.0	38610.0	55324.0	75316.0	98420.0	125734.0	157441.0	196192.0	247388.0	321241.0	435935.0	633543.0	907763.0	544412.0
	22.0	23.0	24.0	25.0	26.0	27.0	28.0	29.0	30.0	31.0	32.0	33.0	34.0	35.0	36.0	37.0	38.0	39.0	40.0	41.0
SOR3005_trim_R1	1.0	9.0	62.0	300.0	1169.0	3379.0	7403.0	14048.0	23006.0	34761.0	47797.0	62920.0	79862.0	99810.0	126139.0	164646.0	228867.0	393170.0	1616887.0	72616.0
	18.0	19.0	20.0	21.0	22.0	23.0	24.0	25.0	26.0	27.0	28.0	29.0	30.0	31.0	32.0	33.0	34.0	35.0	36.0	37.0	38.0	39.0	40.0
SOR3005_trim_R2	1.0	6.0	29.0	88.0	380.0	1042.0	2583.0	5454.0	10220.0	17370.0	27125.0	39404.0	53557.0	70835.0	91505.0	115654.0	146221.0	182811.0	238346.0	324541.0	475887.0	710561.0	463232.0
	23.0	24.0	25.0	26.0	27.0	28.0	29.0	30.0	31.0	32.0	33.0	34.0	35.0	36.0	37.0	38.0	39.0	40.0	41.0
SOR3006_trim_R1	11.0	56.0	321.0	1209.0	3558.0	8107.0	15705.0	25806.0	38048.0	53310.0	69460.0	89007.0	112460.0	142326.0	184906.0	258017.0	441954.0	1835183.0	83429.0
	19.0	20.0	21.0	22.0	23.0	24.0	25.0	26.0	27.0	28.0	29.0	30.0	31.0	32.0	33.0	34.0	35.0	36.0	37.0	38.0	39.0	40.0
SOR3006_trim_R2	2.0	25.0	101.0	432.0	1154.0	2842.0	6091.0	11693.0	19492.0	30468.0	43870.0	60771.0	79793.0	103051.0	129456.0	162561.0	205343.0	265593.0	362463.0	533717.0	808300.0	535655.0
	22.0	23.0	24.0	25.0	26.0	27.0	28.0	29.0	30.0	31.0	32.0	33.0	34.0	35.0	36.0	37.0	38.0	39.0	40.0	41.0
SOR3007_trim_R1	2.0	10.0	113.0	494.0	1900.0	5534.0	12214.0	22964.0	37626.0	55735.0	76444.0	99532.0	125571.0	156924.0	197542.0	255275.0	353969.0	601388.0	2121156.0	70657.0
	18.0	19.0	20.0	21.0	22.0	23.0	24.0	25.0	26.0	27.0	28.0	29.0	30.0	31.0	32.0	33.0	34.0	35.0	36.0	37.0	38.0	39.0	40.0
SOR3007_trim_R2	1.0	4.0	23.0	125.0	411.0	1219.0	2845.0	6341.0	11724.0	20089.0	31288.0	46922.0	65843.0	89229.0	116915.0	151288.0	191798.0	245764.0	316258.0	422908.0	612150.0	989964.0	871941.0
	22.0	23.0	24.0	25.0	26.0	27.0	28.0	29.0	30.0	31.0	32.0	33.0	34.0	35.0	36.0	37.0	38.0	39.0	40.0	41.0
SOR3011_trim_R1	2.0	3.0	40.0	221.0	819.0	2317.0	5129.0	9735.0	15965.0	23405.0	31989.0	41624.0	53257.0	66018.0	83049.0	106664.0	148445.0	251978.0	1015031.0	45207.0
	19.0	20.0	21.0	22.0	23.0	24.0	25.0	26.0	27.0	28.0	29.0	30.0	31.0	32.0	33.0	34.0	35.0	36.0	37.0	38.0	39.0	40.0
SOR3011_trim_R2	2.0	9.0	61.0	222.0	688.0	1615.0	3553.0	6536.0	10810.0	17014.0	24921.0	33650.0	44881.0	58187.0	73597.0	92846.0	117079.0	151437.0	204968.0	300504.0	457517.0	300801.0
	23.0	24.0	25.0	26.0	27.0	28.0	29.0	30.0	31.0	32.0	33.0	34.0	35.0	36.0	37.0	38.0	39.0	40.0	41.0
SOR3012_trim_R1	6.0	47.0	306.0	1098.0	3066.0	6886.0	12994.0	21395.0	31809.0	43795.0	56875.0	72297.0	91186.0	114766.0	148696.0	205738.0	350874.0	1416386.0	61069.0
	19.0	20.0	21.0	22.0	23.0	24.0	25.0	26.0	27.0	28.0	29.0	30.0	31.0	32.0	33.0	34.0	35.0	36.0	37.0	38.0	39.0	40.0
SOR3012_trim_R2	5.0	18.0	113.0	350.0	1090.0	2750.0	5609.0	10295.0	17024.0	26159.0	37895.0	51118.0	67188.0	85201.0	106641.0	132981.0	167581.0	215871.0	292623.0	426760.0	620585.0	371432.0
	23.0	24.0	25.0	26.0	27.0	28.0	29.0	30.0	31.0	32.0	33.0	34.0	35.0	36.0	37.0	38.0	39.0	40.0	41.0
SOR3013_trim_R1	11.0	49.0	298.0	1057.0	3299.0	7143.0	13689.0	22907.0	33820.0	46130.0	61013.0	78343.0	98149.0	123776.0	161045.0	223907.0	380138.0	1571023.0	72008.0
	19.0	20.0	21.0	22.0	23.0	24.0	25.0	26.0	27.0	28.0	29.0	30.0	31.0	32.0	33.0	34.0	35.0	36.0	37.0	38.0	39.0	40.0
SOR3013_trim_R2	1.0	30.0	108.0	397.0	1187.0	2863.0	6110.0	11105.0	18819.0	28690.0	41396.0	56212.0	73825.0	93192.0	116675.0	144986.0	183173.0	235257.0	320158.0	467066.0	682942.0	413613.0
	21.0	22.0	23.0	24.0	25.0	26.0	27.0	28.0	29.0	30.0	31.0	32.0	33.0	34.0	35.0	36.0	37.0	38.0	39.0	40.0	41.0
SOR3017_trim_R1	1.0	2.0	7.0	49.0	241.0	927.0	2511.0	5459.0	10391.0	16887.0	24894.0	33678.0	43367.0	55623.0	69137.0	87636.0	113576.0	158897.0	272273.0	1045497.0	39634.0
	19.0	20.0	21.0	22.0	23.0	24.0	25.0	26.0	27.0	28.0	29.0	30.0	31.0	32.0	33.0	34.0	35.0	36.0	37.0	38.0	39.0	40.0
SOR3017_trim_R2	5.0	16.0	69.0	250.0	724.0	1919.0	4096.0	7401.0	12652.0	19410.0	27753.0	38060.0	49387.0	63201.0	79551.0	99834.0	125774.0	163132.0	222024.0	322372.0	461553.0	281504.0
	22.0	23.0	24.0	25.0	26.0	27.0	28.0	29.0	30.0	31.0	32.0	33.0	34.0	35.0	36.0	37.0	38.0	39.0	40.0	41.0
SOR3020_trim_R1	1.0	12.0	41.0	255.0	944.0	2782.0	6386.0	11879.0	19124.0	28752.0	38772.0	50990.0	64634.0	80796.0	101494.0	132485.0	184171.0	312179.0	1312868.0	63011.0
	19.0	20.0	21.0	22.0	23.0	24.0	25.0	26.0	27.0	28.0	29.0	30.0	31.0	32.0	33.0	34.0	35.0	36.0	37.0	38.0	39.0	40.0
SOR3020_trim_R2	3.0	30.0	85.0	369.0	1017.0	2587.0	5303.0	9743.0	16302.0	24558.0	35033.0	47258.0	61974.0	78367.0	97960.0	122206.0	151806.0	195394.0	264486.0	386509.0	565507.0	345079.0
	22.0	23.0	24.0	25.0	26.0	27.0	28.0	29.0	30.0	31.0	32.0	33.0	34.0	35.0	36.0	37.0	38.0	39.0	40.0	41.0
SOR3021_trim_R1	1.0	19.0	71.0	423.0	1448.0	4155.0	9112.0	16746.0	27452.0	40117.0	54534.0	70999.0	89653.0	112066.0	140882.0	182291.0	253402.0	435145.0	1678578.0	63368.0
	18.0	19.0	20.0	21.0	22.0	23.0	24.0	25.0	26.0	27.0	28.0	29.0	30.0	31.0	32.0	33.0	34.0	35.0	36.0	37.0	38.0	39.0	40.0
SOR3021_trim_R2	2.0	8.0	34.0	128.0	388.0	1296.0	2957.0	6225.0	11455.0	19533.0	29950.0	43501.0	59415.0	78346.0	100278.0	126628.0	159476.0	200561.0	258921.0	351851.0	515704.0	752739.0	461066.0

