	1	2	3	4	5	6	7	8	9	12	17	22	27	32	37	42	47	52	57	62	67	72	77	82	87	92	97	102	107	112	117	122	127	132	137	142	145
CAB2918_trim_R1	40.36553709749452	40.437143445679915	40.42096957540069	40.44568519756359	40.571311450877154	40.2533757672465	40.09770285266931	40.0393390074901	39.90452662966708	39.85767088051934	39.80020270155278	39.65413974200447	39.72956056486479	39.64940084496148	39.642368002626355	39.637075830035016	39.59223091543696	39.57562075311445	39.5277807247602	39.50368948697625	39.435117815679575	39.18263312576586	39.360673025453956	39.29685221076912	39.200935781721554	39.06927779309959	38.940284724710125	38.81134700189381	38.5742905111571	38.39030998549997	38.34336112545641	37.96726524192705	37.76831314221308	37.50040148499812	37.12643189501497	36.92231228666962	35.90473888114186
	1	2	3	4	5	6	7	8	9	12	17	22	27	32	37	42	47	52	57	62	67	72	77	82	87	92	97	102	107	112	117	122	127	132	137	142	147	150
CAB2918_trim_R2	31.76578111401346	31.470446007970736	35.16635025114687	35.94173181305212	36.257885201906355	39.26046503985075	39.46135671541324	39.47776180865654	39.66089098306732	39.60583386101857	39.55955300023533	39.534616014361646	39.42735508511528	39.31549328837201	39.22268094663786	39.176814770906375	39.12280961275653	39.046255841756036	38.86376451845043	38.79460759913606	38.75216318422033	38.66556855264545	38.438692862273925	38.68100474661641	38.5294938469214	38.141520186584614	38.1489023456756	37.900892850222235	37.591596987611204	37.37243387757508	37.08738926908667	36.524584925874095	36.24772549317165	35.690974680664254	35.37191211744299	34.87859750743887	34.476733704297516	33.603290972845016
	1	2	3	4	5	6	7	8	9	12	17	22	27	32	37	42	47	52	57	62	67	72	77	82	87	92	97	102	107	112	117	122	127	132	137	142	145
CAB2919_trim_R1	40.55344363776109	40.45611739128771	40.457146746216175	40.495418195256	40.60761952242961	40.26417576987057	40.11813091448592	40.06370138101931	39.918039185459364	39.871539347543134	39.82157589155639	39.67807725464535	39.74801653746431	39.66198564369669	39.655022566971724	39.65511491723929	39.604557995505324	39.59661862499881	39.5443871539935	39.523440673036156	39.45707612761913	39.20298988333672	39.380998369381025	39.3191876303644	39.21909209360838	39.08723295619535	38.9637175079161	38.83099445547568	38.58335066877325	38.407974792051064	38.36570110194022	37.985142558114454	37.79663344463809	37.52077528225137	37.15120164398853	36.93440822128847	35.92693702479721
	1	2	3	4	5	6	7	8	9	12	17	22	27	32	37	42	47	52	57	62	67	72	77	82	87	92	97	102	107	112	117	122	127	132	137	142	147	150
CAB2919_trim_R2	31.76762107493518	31.483881548197918	35.179542349782785	35.955319545553195	36.33059294233153	39.221926298624446	39.42418005566061	39.44648912344114	39.629587476309254	39.569526174205336	39.523422990530264	39.50003023012615	39.38866703730004	39.27146850080987	39.17001441144688	39.12940478847936	39.07515618971631	39.003587809744836	38.818582313909815	38.7504758183469	38.70828063097738	38.62363409864673	38.38233852573239	38.629586294456935	38.4734758224263	38.09102016514033	38.10050243111832	37.85395892507179	37.53544581957725	37.321957731923376	37.029350045180976	36.45719558128213	36.16541211761758	35.588757009504924	35.278773246444196	34.77127852082943	34.36963416400501	33.525177409378024
	1	2	3	4	5	6	7	8	9	12	17	22	27	32	37	42	47	52	57	62	67	72	77	82	87	92	97	102	107	112	117	122	127	132	137	142	145
CAB2920_trim_R1	40.29685706840041	40.423754441298584	40.523614537303374	40.52662731087007	40.58308256313159	40.31606862004942	40.146899194969386	40.084538454530495	39.948465046247414	39.94532416271237	39.91846937543213	39.82689080496705	39.820322308860845	39.74024566887316	39.737636328155496	39.720828956811566	39.66726370323791	39.648817799122135	39.598988979988675	39.57986219807787	39.51091423922097	39.28852913119074	39.432109475077255	39.37071410431473	39.28648758448329	39.16166497251858	39.040805349192674	38.924201712820675	38.68612644514182	38.51849880119842	38.482140502130164	38.12352709666908	37.93952351545994	37.67904463735814	37.34139318576881	37.13381604373687	36.11355338072179
	1	2	3	4	5	6	7	8	9	12	17	22	27	32	37	42	47	52	57	62	67	72	77	82	87	92	97	102	107	112	117	122	127	132	137	142	147	150
CAB2920_trim_R2	31.510454663266408	31.073685831136373	33.76286873106864	35.20182263619806	36.10921268867794	38.481007732502995	38.74054482754237	39.28915846440358	39.39109981772226	39.42850086619005	39.392322441631926	39.39052198102927	39.27983129597993	39.14044694418177	39.064626970103916	38.99934482482999	38.862827554426836	38.68144983531508	38.51616492930332	38.49964999190506	38.48670986680466	38.429406661182455	38.14407251102678	38.44268273036588	38.31193832299464	37.90553256397559	37.92689950187148	37.67350874555872	37.35793373847458	37.13295386589529	36.83315906624639	36.23844681650451	35.96074732616883	35.366266234114114	35.03778402036329	34.51119527893257	34.12222050676311	33.29509653865495
	1	2	3	4	5	6	7	8	9	12	17	22	27	32	37	42	47	52	57	62	67	72	77	82	87	92	97	102	107	112	117	122	127	132	137	142	145
CAB2921_trim_R1	40.29248512229546	40.48281364432222	40.476932282800064	40.45444294091114	40.528551976176274	40.31087369835242	40.1516495215369	40.08759536523734	39.94467967465479	39.94276000213405	39.92332913799041	39.82478089639686	39.81790150401831	39.74603891726202	39.73650654223606	39.726070874466686	39.6694619970353	39.65152141414082	39.604143764435456	39.58069712089936	39.511167474654386	39.27871706965753	39.43159451738235	39.36708824123305	39.27851609804374	39.161475799550274	39.0393450118914	38.912198135688826	38.67977263374338	38.51268164154497	38.479684881695604	38.118337181191414	37.943373545884825	37.67852463461202	37.33349591884983	37.12294935718938	36.078681184569376
	1	2	3	4	5	6	7	8	9	12	17	22	27	32	37	42	47	52	57	62	67	72	77	82	87	92	97	102	107	112	117	122	127	132	137	142	147	150
CAB2921_trim_R2	31.528204587231606	31.1208646771526	33.827964870671885	35.241226761922775	36.16660846537751	38.52708118109816	38.752670590403575	39.29048627177092	39.39073132344881	39.438832506390014	39.41390950184547	39.41109474199853	39.30056976637032	39.14596264932268	39.07795428515213	39.010137228260746	38.85972665607077	38.679452837903824	38.51324201307274	38.5005585234683	38.48476007865088	38.4130464161069	38.14388174780221	38.43499811092197	38.29892505579798	37.90351135871228	37.91408731401031	37.67329035743729	37.34780445560832	37.118946474385595	36.815607773531504	36.22293469768992	35.930856383098714	35.33367682548918	35.024081206038176	34.484486506280476	34.10167276010394	33.28929338193862
	1	2	3	4	5	6	7	8	9	12	17	22	27	32	37	42	47	52	57	62	67	72	77	82	87	92	97	102	107	112	117	122	127	132	137	142	145
CAB2922_trim_R1	40.29075184262431	40.42224190283401	40.532071395203985	40.52677255268348	40.590352174815735	40.32398850306239	40.16562921727395	40.10413163085228	39.96725448977473	39.970655818540436	39.942518036956294	39.85902029481989	39.84883733001142	39.76921402989723	39.76421107589628	39.748707641051205	39.696962858347696	39.68129076267182	39.63183634102952	39.609818044353844	39.548189712354244	39.31867889703467	39.467240891709494	39.407847118471125	39.31447397252706	39.19938342098679	39.082117820383374	38.96319093013108	38.73669784387156	38.55721357499684	38.52720466820917	38.17484719522769	37.99439069227987	37.73476533802711	37.40888860987598	37.207754196358145	36.15807686750034
	1	2	3	4	5	6	7	8	9	12	17	22	27	32	37	42	47	52	57	62	67	72	77	82	87	92	97	102	107	112	117	122	127	132	137	142	147	150
CAB2922_trim_R2	31.628149979238035	30.887148993044743	35.09784659503789	35.69300321810443	36.716609571265444	39.3326462420845	38.78278898058756	39.09642634693242	39.25637327416174	39.27914888923492	39.26289292017025	39.27641246236894	39.15239865566282	38.99246055226824	38.92166277290929	38.89115900359401	38.755366403236984	38.55431734874416	38.36292640557072	38.3300436918464	38.320607327962605	38.25748929615017	37.97453510398466	38.28546650596139	38.140052715538275	37.73323573764352	37.73585708210318	37.48539656906474	37.15329677812064	36.91080211557783	36.58192353496263	35.96731871540268	35.65259901895781	35.07046133897351	34.74224402716689	34.206668840189494	33.80392640673724	33.10007177078489
	1	2	3	4	5	6	7	8	9	12	17	22	27	32	37	42	47	52	57	62	67	72	77	82	87	92	97	102	107	112	117	122	127	132	137	142	145
CAB2923_trim_R1	40.28466111116848	40.491645756101924	40.50767477962158	40.47991381061052	40.54634779346213	40.32287151103355	40.16498246266217	40.11115884112446	39.964506768827256	39.97021275423977	39.94539062311762	39.857392220237294	39.846775229499904	39.772449547884335	39.768473257686665	39.75033313119968	39.69208640936081	39.673756740007875	39.6275459973093	39.60345055473247	39.544181078329714	39.31300138915127	39.461607561027485	39.40692516482751	39.31515840422238	39.19544992045278	39.07622102045322	38.9603345646834	38.73087080053918	38.56009524016815	38.52184224377459	38.17407697444963	38.00094551999205	37.74293032206227	37.41373109467217	37.20505739928674	36.14127902002008
	1	2	3	4	5	6	7	8	9	12	17	22	27	32	37	42	47	52	57	62	67	72	77	82	87	92	97	102	107	112	117	122	127	132	137	142	147	150
CAB2923_trim_R2	31.63302733346413	30.85872443834051	35.113460207969766	35.695679860114346	36.74631199595213	39.33673891567965	38.85254179531397	39.113863618371006	39.269645432547506	39.295244645002285	39.28076868268605	39.30167649377158	39.17337835558631	39.006981478230635	38.9363846826997	38.91408795419626	38.75484976484317	38.551030495532736	38.3616326657451	38.32487661897039	38.31421234340181	38.246587989092745	37.96171497703155	38.28042210887459	38.13759923933179	37.73008013644194	37.73975595723323	37.480742622271315	37.15060116837666	36.91624594935573	36.59824344001602	35.97532902358066	35.661655624744824	35.07679224127607	34.739517851483974	34.19562773762816	33.80128688066293	33.07005761042696
	1	2	3	4	5	6	7	8	9	12	17	22	27	32	37	42	47	52	57	62	67	72	77	82	87	92	97	102	107	112	117	122	127	132	137	142	145
CAB2924_trim_R1	40.27783868259004	40.42084431563725	40.50562867372644	40.50371964802202	40.558523774258255	40.328497475041985	40.16155284917895	40.11164410920881	39.97741022695465	39.97626408261803	39.949217292172044	39.86247725788393	39.847154611401386	39.76559278200224	39.75973454819852	39.74874574849599	39.69195689509185	39.68164516542645	39.62335668408623	39.6075325576965	39.55110439197826	39.31866979594477	39.466191451970424	39.41032550965491	39.316481849242045	39.202804736104454	39.08808300514029	38.96656485412808	38.737499632617855	38.573366434028685	38.54220056318253	38.18456920479271	38.02354042700598	37.75818455262974	37.43603977959653	37.23206886882934	36.18315015563555
	1	2	3	4	5	6	7	8	9	12	17	22	27	32	37	42	47	52	57	62	67	72	77	82	87	92	97	102	107	112	117	122	127	132	137	142	147	150
CAB2924_trim_R2	31.963751107949243	31.88278990366673	35.99442453699384	35.664171837096475	35.66141216878149	38.831929930957266	38.999446754291846	38.43661728517447	38.90176207664676	39.272262199104304	39.304997434222805	39.366525937674936	39.26042769756484	39.11921198567829	39.060862597973234	39.01903237850266	38.9000141492638	38.6864504629052	38.48811215974134	38.453177039904105	38.44394007569885	38.380292680026834	38.08882373402986	38.39954067053846	38.26876076547972	37.860731640813725	37.87166956707385	37.62593783623221	37.29603536855416	37.064835249949944	36.75568282303986	36.15164450878417	35.836421803355506	35.251806904265415	34.92134722499545	34.37094241230077	33.97632203432223	33.174562073168005
	1	2	3	4	5	6	7	8	9	12	17	22	27	32	37	42	47	52	57	62	67	72	77	82	87	92	97	102	107	112	117	122	127	132	137	142	145
CAB2925_trim_R1	40.33510386229689	40.541711176331845	40.55232930107624	40.519370630328986	40.58876675829467	40.34665461629844	40.17947451065815	40.11905845558615	39.97347740880538	39.979296784556865	39.95411940106881	39.86390263148594	39.857002329048626	39.78197811170345	39.772705643926486	39.75680604459838	39.70226155142504	39.68617546303835	39.63281731090799	39.61455132944822	39.55389934510692	39.32745152682839	39.474390128121755	39.41350653130607	39.32428964743946	39.20792007582669	39.09095597064894	38.966830436587465	38.739203712440236	38.56867631684618	38.543395591677175	38.18745279141169	38.01988355118527	37.75981722344117	37.43770101382155	37.22232132065818	36.16391428503826
	1	2	3	4	5	6	7	8	9	12	17	22	27	32	37	42	47	52	57	62	67	72	77	82	87	92	97	102	107	112	117	122	127	132	137	142	147	150
CAB2925_trim_R2	31.966903562672613	31.89293589237761	36.03854074176123	35.69000067080063	35.70034614754873	38.859462219859594	39.014871577744714	38.440437592821134	38.89908922586001	39.286385993105895	39.323600569242856	39.388803688393644	39.2707636956931	39.1315467436236	39.06422963143801	39.02460387802622	38.89911024772793	38.679920756936696	38.47460758389425	38.44739908040174	38.431246991575144	38.36951473572644	38.08109987880243	38.39160501334006	38.255096710135746	37.84333531697521	37.85691090973297	37.61460322067444	37.28578406054398	37.064031700013665	36.747146485104075	36.13714337770506	35.82950767633367	35.2501135636639	34.90832203773486	34.37440947223741	33.95693364202666	33.17625726953272
	1	2	3	4	5	6	7	8	9	12	17	22	27	32	37	42	47	52	57	62	67	72	77	82	87	92	97	102	107	112	117	122	127	132	137	142	145
CAB2927_trim_R1	40.19935113074126	40.37261461483008	40.39195022129015	40.3513760513612	40.53816165334196	40.24725033234107	40.087560072414576	40.02242122269046	39.87769608123131	39.83609894414445	39.78084055986018	39.628877447764886	39.7055440683357	39.62171042465703	39.62183262349821	39.622447167447675	39.575364588472326	39.55981672105209	39.50943965117834	39.484549257590714	39.42000031708468	39.16587020598756	39.349580322787915	39.28902050979963	39.19028691508849	39.04946198298717	38.9218564626301	38.79066845415018	38.552508919628856	38.36551969885975	38.31887083022063	37.93535740266874	37.74301260808173	37.46229315791827	37.08218765250549	36.87971612659898	35.856946555611586
	1	2	3	4	5	6	7	8	9	12	17	22	27	32	37	42	47	52	57	62	67	72	77	82	87	92	97	102	107	112	117	122	127	132	137	142	147	150
CAB2927_trim_R2	31.76719229966793	31.480621404147787	35.18737121971427	35.954078310438724	36.29684445836673	39.235454403887445	39.43937684020152	39.44861324638453	39.63903881731673	39.57947981031757	39.534889409037156	39.509399886123205	39.402778136857776	39.29519162145766	39.19187695048434	39.15103585433775	39.096345059505325	39.023493975144895	38.826677270599134	38.76334481704254	38.72188445629159	38.62987066387975	38.40164085082423	38.650456635382	38.49295624665625	38.09999509313051	38.11143144532982	37.86316827393209	37.54840319589599	37.33797405700932	37.042889918468894	36.46595506368407	36.17881347171129	35.618941970714175	35.31108235645273	34.80258529981755	34.392332847242116	33.55109396706209
	1	2	3	4	5	6	7	8	9	12	17	22	27	32	37	42	47	52	57	62	67	72	77	82	87	92	97	102	107	112	117	122	127	132	137	142	145
CAB2931_trim_R1	40.402265937493986	40.57447692165817	40.6699409996424	40.58768549153806	40.66685132613139	40.35736781312551	40.183790791220474	40.12717950691279	39.987363321588106	39.98384121320605	39.963627039187834	39.87643614752146	39.86527603715039	39.790220125139406	39.785927756004	39.76655083914071	39.713565044664755	39.69529407938559	39.6451445132316	39.620366309985705	39.55820418104891	39.329185348418626	39.47767391451822	39.41830887369498	39.32715502742631	39.20796191139803	39.08704038357821	38.9625902723297	38.73239173818426	38.5629238282615	38.523356334552446	38.16089699450788	37.99077231033766	37.72801870005628	37.401596613186086	37.17449530238348	36.12698827296387
	1	2	3	4	5	6	7	8	9	12	17	22	27	32	37	42	47	52	57	62	67	72	77	82	87	92	97	102	107	112	117	122	127	132	137	142	147	150
CAB2931_trim_R2	31.651706817384174	30.968528056186013	35.182005454862704	35.77072725089383	36.757291118631656	39.3751959657104	38.91371736752121	39.15233477013877	39.29930092570785	39.301186973347335	39.287145379189916	39.30409366812647	39.18790363297041	39.03769958979061	38.963566791017875	38.93047516701087	38.803556791556794	38.60136188493151	38.41391109221205	38.38292064218625	38.368495928896095	38.29582983897525	38.02250298158796	38.328667933444436	38.18544153869753	37.77707112105948	37.77751665609463	37.527200425331976	37.183479888200104	36.94790780965003	36.630365374927244	36.011288401488216	35.70139258305566	35.116652134140836	34.77738306117389	34.22415994664441	33.827687499674376	33.093146323364564
	1	2	3	4	5	6	7	8	9	12	17	22	27	32	37	42	47	52	57	62	67	72	77	82	87	92	97	102	107	112	117	122	127	132	137	142	145
ESM2880_trim_R1	40.46455965223667	40.55339322404188	40.58780275788181	40.55026826337925	40.639841727403564	40.31311847087076	40.15094745366582	40.08448443219216	39.940553016983955	39.94422345584214	39.92142274700022	39.82677640569032	39.82110818790745	39.744632984087424	39.73692402454258	39.71913247591603	39.66394715680909	39.64948999340131	39.597431342456666	39.5796175226565	39.51060397580583	39.27413208953077	39.432661793883184	39.370950685569376	39.278731203039044	39.15600600652381	39.02874881685722	38.910073378064546	38.673320652072285	38.50207617947516	38.458779381683016	38.090777594387994	37.91202524736012	37.647284967441166	37.30841767575081	37.087516713271754	36.042555557445446
	1	2	3	4	5	6	7	8	9	12	17	22	27	32	37	42	47	52	57	62	67	72	77	82	87	92	97	102	107	112	117	122	127	132	137	142	147	150
ESM2880_trim_R2	31.635802391432357	30.84447402614659	35.113238825739295	35.72194074148669	36.75290257339829	39.37694431506821	38.814012565579766	39.136769915898455	39.2840367904063	39.31556941629637	39.29247296036611	39.31384444640257	39.18496718039523	39.01643588743009	38.93937927619287	38.920863942371774	38.7737257078098	38.56063984983226	38.36670638872573	38.345779828876886	38.32570776574132	38.26632348097956	37.9746813869515	38.29749991665708	38.152745225155	37.735009423629364	37.73652486944096	37.48843808366754	37.15507810040068	36.90948888469648	36.593094652604535	35.94344978988535	35.65122914474546	35.063906444318924	34.74350482565216	34.18306730648586	33.77459772751091	33.068776760290646
	1	2	3	4	5	6	7	8	9	12	17	22	27	32	37	42	47	52	57	62	67	72	77	82	87	92	97	102	107	112	117	122	127	132	137	142	145
ESM2882_trim_R1	40.49264591254644	40.59041998979189	40.612736183381834	40.56868566365569	40.65577657307027	40.32816536021995	40.16329189477456	40.09655897117289	39.95542152711215	39.952362297939025	39.930596437028235	39.83686989896411	39.830268907704074	39.75497734455327	39.74855111530506	39.727890524669974	39.67216726703117	39.656179176089836	39.60753138485865	39.58522840391436	39.519971880867395	39.28686355510774	39.44729943471796	39.38891607454561	39.29102438819343	39.16056717750225	39.04084275845602	38.92079399032483	38.68983452283206	38.51646443910615	38.47551161235295	38.10548841833856	37.9296772875138	37.670465590039	37.332382553735485	37.10384171559981	36.04825525330561
	1	2	3	4	5	6	7	8	9	12	17	22	27	32	37	42	47	52	57	62	67	72	77	82	87	92	97	102	107	112	117	122	127	132	137	142	147	150
ESM2882_trim_R2	31.968953505789557	31.900190912542627	36.06939430598955	35.76393728954035	35.70549775734347	38.86525419698604	38.996633154186995	38.418664822730065	38.89903251820179	39.32233656403709	39.34554295379621	39.41002119187715	39.296630483903655	39.14861245720235	39.08037081375558	39.035744308695214	38.914081255066094	38.69107381374272	38.486983513281956	38.4569522937112	38.437279907503644	38.3702021928916	38.072178859592086	38.40249852891908	38.25991039398889	37.844958988016124	37.84990247316154	37.61167465736604	37.2774802970317	37.029846681897084	36.71861630569274	36.10394099824626	35.81106600161615	35.218776323689035	34.89218247231115	34.325110146631296	33.92601733579073	33.18325474229428
	1	2	3	4	5	6	7	8	9	12	17	22	27	32	37	42	47	52	57	62	67	72	77	82	87	92	97	102	107	112	117	122	127	132	137	142	145
ESM2883_trim_R1	40.61984221848712	40.483943197561274	40.420196703779126	40.43465271519049	40.622105276114226	40.266170998125006	40.10168954911167	40.04069674412371	39.902618773770826	39.86066936451126	39.80390091096702	39.66395300334655	39.735718837911875	39.64029767464759	39.63161301772593	39.63931179898316	39.592706861040504	39.57950301067014	39.53091197855607	39.50690452968871	39.44731810579233	39.19890631268633	39.375596853210936	39.312182987817586	39.216960329536775	39.08258326128701	38.96039841866698	38.8332866916481	38.59460293151514	38.411741668577896	38.37616917825377	37.99131267037576	37.81140826492634	37.54492035230662	37.17933344023882	36.98089468155428	35.94991477780852
	1	2	3	4	5	6	7	8	9	12	17	22	27	32	37	42	47	52	57	62	67	72	77	82	87	92	97	102	107	112	117	122	127	132	137	142	147	150
ESM2883_trim_R2	31.77166640909955	31.492556766196984	35.19589415222353	35.971856917591744	36.31947952751706	39.215284169469136	39.401099697620765	39.41470744706312	39.604041501584376	39.54121035118934	39.489104022013095	39.458001219910805	39.34802598738241	39.232916188571956	39.12508108626746	39.07408114992826	39.02479178958925	38.95075195121405	38.75463429382553	38.69592242438947	38.64744001481081	38.56880834625417	38.3224690203206	38.5866755133829	38.42419889701229	38.0240667402808	38.031245876254715	37.79503043875708	37.48242681942482	37.25167588501026	36.97807627368726	36.395430788147884	36.12277589459749	35.55211214992003	35.244362480485975	34.723411979237746	34.332586390157786	33.50422000202174
	1	2	3	4	5	6	7	8	9	12	17	22	27	32	37	42	47	52	57	62	67	72	77	82	87	92	97	102	107	112	117	122	127	132	137	142	145
ESM2886_trim_R1	40.622410164425325	40.52275846609877	40.576421870290055	40.59151539473512	40.65399638547193	40.31582018106987	40.15280080732595	40.087911486995516	39.94451893740648	39.942835501914594	39.91809229926558	39.82659204415166	39.820275613414516	39.74826850185991	39.73031501914155	39.71640946729876	39.66598176555142	39.65187141596126	39.605272597464854	39.58441107687493	39.51855050678306	39.28255601732226	39.44274411388305	39.376091214058455	39.28775584531834	39.16746756429719	39.04234972875468	38.925839859755534	38.69441545345788	38.52504641948202	38.4932641329036	38.12598205414206	37.959230231761964	37.69255480526755	37.36594522576182	37.1589034616083	36.106570932266415
	1	2	3	4	5	6	7	8	9	12	17	22	27	32	37	42	47	52	57	62	67	72	77	82	87	92	97	102	107	112	117	122	127	132	137	142	147	150
ESM2886_trim_R2	31.529277089866532	31.138800047181387	33.84307534063018	35.28328581299992	36.19244763385798	38.50048243419801	38.751084290631916	39.280873416045374	39.37433775455465	39.42139305303793	39.38352971907642	39.38356081179101	39.277038798555814	39.121969850009286	39.04582192575773	38.98373857180261	38.84051169720327	38.66132577811855	38.488211257677634	38.490018814342484	38.45696840597877	38.39876412011705	38.1116537747266	38.422756781369664	38.273546994064034	37.86417453328344	37.873646621843264	37.65150273234965	37.31214191193398	37.07395053992205	36.76842126179791	36.15915486642459	35.88778180677205	35.302252700176844	34.98679652095751	34.43615290302227	34.0367159463285	33.25063320353677
	1	2	3	4	5	6	7	8	9	12	17	22	27	32	37	42	47	52	57	62	67	72	77	82	87	92	97	102	107	112	117	122	127	132	137	142	145
ESM2887_trim_R1	40.38796556589103	40.57649937421213	40.59133798404654	40.56588840091291	40.64566621241329	40.36036178502046	40.204184515018156	40.14217892875334	39.99778758070259	40.00237476354534	39.98101008021804	39.89415155034625	39.886374577236346	39.80823951523602	39.80442365736013	39.7900192782552	39.73660727435434	39.71861427294272	39.670416723043715	39.65462043577143	39.590396330961916	39.36355348347538	39.51233987448406	39.45232691801242	39.3622112827195	39.25174564237054	39.133358256675706	39.0119222579421	38.78179734998948	38.6132354620119	38.584398550449905	38.2237263661436	38.05868652419015	37.79661478065591	37.49160447495918	37.26634220483763	36.20489999372505
	1	2	3	4	5	6	7	8	9	12	17	22	27	32	37	42	47	52	57	62	67	72	77	82	87	92	97	102	107	112	117	122	127	132	137	142	147	150
ESM2887_trim_R2	31.67137309728184	31.088946392592113	35.116151261867806	35.82321680507121	36.71912041120198	39.29238980348909	38.921960947230986	39.037236631954094	39.22495195782205	39.240601763023975	39.19585485026917	39.18012345975801	39.09535790107894	38.98647178846117	38.86707705108407	38.79818543129422	38.72895055493122	38.59036913682303	38.389245097003965	38.39176669973924	38.37539662473041	38.307548983810754	38.018932327902434	38.32027834442186	38.16488131564345	37.76779916843155	37.754332164316985	37.52043317433349	37.16739956818519	36.92678674250506	36.61217904365822	35.978475219020886	35.6750613718451	35.08203670801193	34.75946059850006	34.194073186043404	33.796086565272454	33.08794040316513
	1	2	3	4	5	6	7	8	9	12	17	22	27	32	37	42	47	52	57	62	67	72	77	82	87	92	97	102	107	112	117	122	127	132	137	142	145
ESM2888_trim_R1	40.6159668715713	40.51060031268037	40.57426831113377	40.58742778372381	40.64645208649703	40.31723104165149	40.159604274419046	40.09559277585077	39.96307681962602	39.95913222793166	39.939045148130916	39.84556593465093	39.840967964271506	39.76929232252027	39.75528461842557	39.73687090149797	39.691405430133216	39.67464860386758	39.6272934142437	39.60762119406773	39.54558187647045	39.31532275935494	39.47029027076875	39.41616861462383	39.32546757655283	39.19685172373336	39.07870342421741	38.963553387447995	38.73730060905104	38.569751688165404	38.534696670925925	38.17635034495387	38.00357892511386	37.743515259143884	37.420241755180406	37.21393539869655	36.143252026943486
	1	2	3	4	5	6	7	8	9	12	17	22	27	32	37	42	47	52	57	62	67	72	77	82	87	92	97	102	107	112	117	122	127	132	137	142	147	150
ESM2888_trim_R2	31.63954566085948	30.873230526121137	35.1197123116493	35.70314081263273	36.739371949545266	39.348706411068214	38.77936197515368	39.102349025255386	39.25764245728663	39.28501913626252	39.26051082333559	39.27778131426618	39.14873454109394	38.98992328684221	38.90889769254557	38.87606683951562	38.73743627736758	38.52744872834936	38.33317245189254	38.304055507526165	38.28494596809103	38.22732307790084	37.94101879030498	38.25286695695212	38.10343211658098	37.694486007675195	37.698661354433156	37.45322354941013	37.11199874000012	36.86090647083634	36.546638164729224	35.910934093377584	35.61921366530584	35.02565796143365	34.721495203049	34.147751516732065	33.738443526601884	33.06705968604791
	1	2	3	4	5	6	7	8	9	12	17	22	27	32	37	42	47	52	57	62	67	72	77	82	87	92	97	102	107	112	117	122	127	132	137	142	145
ESM2893_trim_R1	40.47117168946055	40.57960881717852	40.57917358293119	40.59253824433031	40.63688593746047	40.3321350641503	40.17240666205399	40.117731780570075	39.97290474309996	39.97792361363959	39.95290677443755	39.86262562484714	39.85341039216183	39.780290818610716	39.768341899811844	39.757497597441805	39.69849482896254	39.68392216338517	39.63552548476957	39.615104366728474	39.548663016086955	39.32106332125231	39.475387959821475	39.41015498844785	39.319539256116926	39.19490930909279	39.0754607671412	38.95282623309191	38.71953477454626	38.55688264080324	38.5154461329763	38.15234898905223	37.984095620414045	37.720659883690665	37.3945430701924	37.17662103433928	36.13878200643601
	1	2	3	4	5	6	7	8	9	12	17	22	27	32	37	42	47	52	57	62	67	72	77	82	87	92	97	102	107	112	117	122	127	132	137	142	147	150
ESM2893_trim_R2	31.53374348752799	31.1651070467248	33.91182198149283	35.331162662108255	36.2431588106335	38.578299081094734	38.827183037084374	39.33874607803343	39.42756649788964	39.473804068321876	39.43941388943583	39.43907054204814	39.32709419356447	39.17882246219384	39.10769823530404	39.047982924136896	38.908333860623245	38.73015982651603	38.56002387030838	38.55023853674771	38.53961439966099	38.47443201375056	38.19699840932126	38.488573905472805	38.35400740338035	37.93713140483028	37.95785252289897	37.73068052060047	37.40189494406941	37.15490106766604	36.85999395290194	36.267205648181054	35.98137676853053	35.40616542665573	35.09701503624747	34.53583036039693	34.15400752600564	33.33985831774186
	1	2	3	4	5	6	7	8	9	12	17	22	27	32	37	42	47	52	57	62	67	72	77	82	87	92	97	102	107	112	117	122	127	132	137	142	145
ESM2895_trim_R1	40.46236303705004	40.54244796589344	40.51656509073479	40.55557801234101	40.54835855431936	40.331127973859736	40.18038391820367	40.12700929626529	39.99419447557452	39.9953970153385	39.97072832559208	39.880812950635956	39.87307222327239	39.80076810645136	39.79319098680948	39.78004031830326	39.725050631951184	39.71030065239641	39.662551900859725	39.64054811081191	39.57418158337364	39.34922488688335	39.502198197093115	39.44426152436631	39.34904952806948	39.22666200762037	39.11094226693417	38.996039563764796	38.76474099827393	38.59339398772496	38.567771883551174	38.21244574493425	38.0404828634169	37.77448919195461	37.46415733000856	37.23859469390612	36.173685013144635
	1	2	3	4	5	6	7	8	9	12	17	22	27	32	37	42	47	52	57	62	67	72	77	82	87	92	97	102	107	112	117	122	127	132	137	142	147	150
ESM2895_trim_R2	31.641398422942938	30.917638684480572	35.1620188153169	35.7778419601145	36.76602120520645	39.40834874834598	38.84376012665064	39.157805284761416	39.31166919270341	39.337161938646	39.31399705652021	39.33146392549485	39.213306081391266	39.04454080702654	38.97275369434727	38.95096636719603	38.80829134531119	38.59171545008121	38.40313847416754	38.38733368554952	38.37519191245277	38.31573973207723	38.017788251510716	38.34112263823215	38.19165715431113	37.793145232212986	37.79807543288047	37.55740288777215	37.214256034897005	36.96399846933825	36.66854446065052	36.035309044419726	35.74757596522727	35.153857425449516	34.83417605684054	34.26713815464042	33.869166644980474	33.146417325100096
	1	2	3	4	5	6	7	8	9	12	17	22	27	32	37	42	47	52	57	62	67	72	77	82	87	92	97	102	107	112	117	122	127	132	137	142	145
ESM2896_trim_R1	40.61469860861312	40.579732782091824	40.60003228770947	40.61796727529308	40.654530786748495	40.34231420302011	40.19411454436057	40.14128192412481	40.00097651764992	40.0019376336913	39.98121226431944	39.894558082852306	39.88295788819825	39.80896401451277	39.78776702286527	39.78025844467047	39.73354391522352	39.71197126385759	39.66677187142765	39.64703917348238	39.585918744058596	39.35595790191591	39.509834465676036	39.452276232480145	39.35974856802044	39.23837873053829	39.12213096435506	39.01183940422256	38.774561541197	38.60673147643075	38.5702910540369	38.20966487744572	38.04492535868762	37.77865312708752	37.466155564677784	37.24858711024334	36.199214010485065
	1	2	3	4	5	6	7	8	9	12	17	22	27	32	37	42	47	52	57	62	67	72	77	82	87	92	97	102	107	112	117	122	127	132	137	142	147	150
ESM2896_trim_R2	31.632112632148818	30.845987161924256	35.095755325964376	35.69698773298992	36.748791414438266	39.35103837923121	38.781861265835936	39.1163976565432	39.26896589796249	39.29992313112846	39.27560844472052	39.30066444951543	39.16850268994661	39.008233180353294	38.93378200581883	38.90432228931949	38.758612848080695	38.54448618314099	38.34891308275371	38.335958945105574	38.313789797803146	38.244795479056435	37.94961068993174	38.276355765003686	38.12570940988397	37.710696782170515	37.71904146143182	37.47139614789769	37.1332267701802	36.87978624823447	36.566536832789325	35.92839810626286	35.64757707978413	35.05265391198985	34.73025124343977	34.15288228580543	33.76300093314478	33.06636386894672
	1	2	3	4	5	6	7	8	9	12	17	22	27	32	37	42	47	52	57	62	67	72	77	82	87	92	97	102	107	112	117	122	127	132	137	142	145
ESM2897_trim_R1	40.482019719824194	40.5805196890975	40.55595072780952	40.580025479917396	40.59285271275395	40.341423663272614	40.18752888696553	40.1368324238404	40.00063260840713	40.00018993744665	39.97552172119062	39.88883433251034	39.87550968872051	39.808058036786306	39.80124132950341	39.78202001284903	39.72904524618724	39.71013556059514	39.662755740500685	39.64567244463385	39.585591327586684	39.353813765129765	39.504928384691254	39.448867899324185	39.355538994579625	39.23171421756017	39.120924491477126	39.00916437036585	38.77527465689313	38.61216861454628	38.57293829094319	38.21773481413867	38.053478492447525	37.79589789987058	37.485196200902685	37.26695284441894	36.20684535246596
	1	2	3	4	5	6	7	8	9	12	17	22	27	32	37	42	47	52	57	62	67	72	77	82	87	92	97	102	107	112	117	122	127	132	137	142	147	150
ESM2897_trim_R2	31.96622387520934	31.894324960352236	36.038198186660274	35.72681180338841	35.693444162883495	38.8834038153775	39.01989850379074	38.458032758270775	38.93652381422073	39.327496982845204	39.354468306835216	39.42188887058485	39.310033272620146	39.16595027852844	39.09997756361753	39.05757512746254	38.937306369129104	38.7104877729877	38.5171439943503	38.49659331026597	38.477760255939806	38.40928570883436	38.116349964916544	38.435900222866294	38.29747344356589	37.88200796375008	37.892656149925486	37.65148836499866	37.318866404618426	37.08700879492653	36.778181018352115	36.170705999022985	35.883689515051444	35.29394899240583	34.98487169918269	34.40334811635038	33.99789964991744	33.219123375056796
	1	2	3	4	5	6	7	8	9	12	17	22	27	32	37	42	47	52	57	62	67	72	77	82	87	92	97	102	107	112	117	122	127	132	137	142	145
MAR2971_trim_R1	40.59694205233127	40.49806391574066	40.46498805640536	40.42725993225754	40.62339342632896	40.25547259529915	40.10354865580542	40.04486932083192	39.906835491326554	39.86272428699795	39.80476432449025	39.65879184169782	39.7259694577772	39.631440562921064	39.6368172529659	39.64155100837196	39.59007419010289	39.578757520113655	39.529086058095004	39.51234807113259	39.44530142129459	39.195305154498	39.375210812924536	39.30650267331464	39.21264573490596	39.07568473065638	38.95825623688539	38.824175615714395	38.58703678623473	38.39936171522216	38.35564177196941	37.985453778258865	37.79177248604537	37.51778266612412	37.15909107935253	36.94010886589714	35.9330404446024
	1	2	3	4	5	6	7	8	9	12	17	22	27	32	37	42	47	52	57	62	67	72	77	82	87	92	97	102	107	112	117	122	127	132	137	142	147	150
MAR2971_trim_R2	31.775693630033185	31.486129634569217	35.203995180837794	35.9743931715124	36.34987877586723	39.206604815287804	39.4112958986456	39.42056429200487	39.597572388018556	39.534964929195276	39.49486179554772	39.469826143582424	39.36459405934693	39.24253581215699	39.142630996403014	39.091536046690564	39.046223112853134	38.97637876350504	38.794842709564236	38.72987516716804	38.689207373903116	38.60370760376634	38.36320139458221	38.621170899812746	38.46404048150332	38.07073441181463	38.08174907601453	37.83168517238519	37.52047016532411	37.30558637450217	37.030342485680066	36.46562723751931	36.16667172081629	35.616212840217536	35.29324653867132	34.78530350525058	34.40302887553855	33.54198218475984
	1	2	3	4	5	6	7	8	9	12	17	22	27	32	37	42	47	52	57	62	67	72	77	82	87	92	97	102	107	112	117	122	127	132	137	142	145
MAR2972_trim_R1	40.48051679798994	40.48687426620389	40.364630320904936	40.42589230891757	40.599799097222046	40.26638629339513	40.126300537196556	40.07283470736789	39.93746374372821	39.89747124546877	39.83995807246374	39.70177375058768	39.774438795302686	39.684999447645815	39.68494341498261	39.69005917540191	39.631577920790576	39.62457538354317	39.57438177744848	39.5515311708607	39.486148548923744	39.23251304208808	39.4113031635714	39.34556315233702	39.24875344579493	39.1201378370486	38.99139836782726	38.856239696660296	38.61465133064024	38.433533654313806	38.381471160862	37.99964657319943	37.804709333343695	37.52719849228324	37.1620791990574	36.94308110567938	35.90752410447941
	1	2	3	4	5	6	7	8	9	12	17	22	27	32	37	42	47	52	57	62	67	72	77	82	87	92	97	102	107	112	117	122	127	132	137	142	147	150
MAR2972_trim_R2	31.700723712436705	31.246502570373778	34.2569063541284	35.459389121962374	36.12137302404924	38.658008493409	38.82639071222861	38.71204311959367	38.934646994294056	39.00530496373731	39.11539845289447	38.22458166235488	38.24011715046899	38.33797242339618	38.789642147996915	37.95695042006226	38.047469759407846	38.727084029114614	38.388939301110874	38.116489763465395	38.70433081519529	38.69714881903139	38.474474022233245	38.736344621477905	38.58114725275211	38.187583815918686	38.197317887278736	37.93196082128472	37.613578090207575	37.37961212211085	37.07157069422848	36.4739275712475	36.17177611659076	35.59239102989892	35.26119597020429	34.735805117018444	34.34487571783783	33.511469309816476
	1	2	3	4	5	6	7	8	9	12	17	22	27	32	37	42	47	52	57	62	67	72	77	82	87	92	97	102	107	112	117	122	127	132	137	142	145
MAR2973_trim_R1	40.6671507689321	40.61016004420895	40.566554808403964	40.5773724718372	40.666882735601845	40.31261694286846	40.15018396498874	40.086254522832654	39.94741950819377	39.94422347729309	39.91593732064471	39.826670823818276	39.81676329715557	39.74401213907878	39.71949819130772	39.71861044920089	39.66835435527322	39.65428857850233	39.600370973381565	39.58906580051712	39.517338993910414	39.29564123277711	39.44127012343117	39.38703094368344	39.293960858639025	39.174142179602754	39.06262513101658	38.943183189843104	38.72107684570858	38.55241366711611	38.52124369826739	38.178855413793144	38.00505217977127	37.74414489913637	37.42252447454921	37.20935091977107	36.17937854707467
	1	2	3	4	5	6	7	8	9	12	17	22	27	32	37	42	47	52	57	62	67	72	77	82	87	92	97	102	107	112	117	122	127	132	137	142	147	150
MAR2973_trim_R2	31.53318337193283	31.15208703840083	33.87332869820734	35.32544540778753	36.218054122143045	38.58348907332164	38.78223854525186	39.305919050992884	39.39357734783777	39.442123441665615	39.415689472540556	39.41857562896833	39.30498133877685	39.145534230135844	39.08523594029626	39.02640269589496	38.886633474350745	38.70837949913438	38.541051423569954	38.512843397276384	38.503300117644415	38.44911373241082	38.16473062505232	38.46263956633929	38.338261661780216	37.9438988091687	37.95848953852789	37.71897040814925	37.407670836855345	37.18724495957688	36.8962476557553	36.30190967204183	36.000877368203376	35.45024501305981	35.12376091054917	34.57721859497026	34.19713724101449	33.34056647698141
	1	2	3	4	5	6	7	8	9	12	17	22	27	32	37	42	47	52	57	62	67	72	77	82	87	92	97	102	107	112	117	122	127	132	137	142	145
MAR2974_trim_R1	40.20295362745642	40.520180200396354	40.546334093098075	40.60415983802891	40.644856207799016	40.3532805195984	40.20466435879722	40.14246723514551	39.98416533455703	39.999784929427605	39.96852708174699	39.89232515745788	39.89343996934046	39.82021121291735	39.802183658709374	39.78909651329593	39.7357050701505	39.721919583771104	39.66457936515194	39.65253049040671	39.590998652719236	39.37391678434141	39.52251204272222	39.453257706779844	39.36409994137819	39.24162880575045	39.12254098036014	39.008639595292024	38.78677859994501	38.601237477143826	38.56257660024356	38.21511928934867	38.01890306127442	37.754078289217276	37.42924583611898	37.22341876232933	36.17210442825983
	1	2	3	4	5	6	7	8	9	12	17	22	27	32	37	42	47	52	57	62	67	72	77	82	87	92	97	102	107	112	117	122	127	132	137	142	147	150
MAR2974_trim_R2	31.062487078116256	29.97296552819618	31.808050774808756	33.96927113011643	35.3740689940345	37.122006535321496	37.49920199488672	38.2369684378262	38.671935433444105	38.770809527651565	38.47028319726484	38.037013443801776	38.4044369336433	38.33030931838009	38.20419322858283	37.767768555983324	37.992030960764474	38.36350125112658	37.847457227455834	38.41254897490564	38.65937062516822	38.56736220535107	38.36044653505978	38.59710050100116	38.41899781952619	38.037141814620455	38.025060193325515	37.75533138274996	37.42480539305292	37.16496733786382	36.847312215285555	36.235273909246054	35.94038967734006	35.3363777898776	34.97246463162898	34.44685746588174	34.08066874277129	33.255534534749316
	1	2	3	4	5	6	7	8	9	12	17	22	27	32	37	42	47	52	57	62	67	72	77	82	87	92	97	102	107	112	117	122	127	132	137	142	145
MAR2975_trim_R1	40.664845378857926	40.604522870760995	40.5683162196019	40.57077707676245	40.65867286462243	40.3168641509065	40.15816086509179	40.09938929456514	39.956875515394756	39.959921654565186	39.9379624428652	39.84630588943418	39.83745750539704	39.76554283901431	39.748339493041	39.740632978864724	39.68818047745467	39.67301886468094	39.63036081359134	39.6146590032404	39.55124287566793	39.3285734980919	39.47792719516942	39.42237203560163	39.331299089281664	39.213792565350154	39.100688547230604	38.989433093097944	38.76845034848353	38.60084927897823	38.572402609165806	38.232888702495806	38.0514008341009	37.80639422017558	37.48293844808472	37.2873311595399	36.238724695547795
	1	2	3	4	5	6	7	8	9	12	17	22	27	32	37	42	47	52	57	62	67	72	77	82	87	92	97	102	107	112	117	122	127	132	137	142	147	150
MAR2975_trim_R2	31.642503457694442	30.872106863129623	35.105120701512696	35.688672777704745	36.72247859923447	39.38842212880985	38.795301229559406	39.12928680774132	39.275608125065865	39.30650030258222	39.2854531834148	39.30726295100776	39.17510557783425	39.001896109455444	38.937143950606774	38.91455914819034	38.77619762276045	38.570037534452325	38.37912669342519	38.345299505856815	38.33816991689413	38.28439468290076	37.986324256077125	38.31413810933873	38.17505344070215	37.77663603069196	37.775898020130654	37.52837289287079	37.198556862546724	36.96741914039926	36.66852124481219	36.02228356044817	35.73196369218838	35.16472408790819	34.8307217098628	34.28073151188994	33.886440233187024	33.16688670849037
	1	2	3	4	5	6	7	8	9	12	17	22	27	32	37	42	47	52	57	62	67	72	77	82	87	92	97	102	107	112	117	122	127	132	137	142	145
MAR2977_trim_R1	40.20686577733849	40.53975782867169	40.575075113420745	40.604007153461914	40.66013532494622	40.362236153971985	40.20559783932872	40.14467952642481	40.00055562879579	40.00798545563977	39.98120718465996	39.9046748053056	39.90008192936405	39.82136416877587	39.80982338366235	39.79577001628469	39.740171904764594	39.72342866690926	39.67152564926297	39.655676245386175	39.59447033880008	39.36716153552002	39.51681024782822	39.46232931900635	39.36718460125382	39.24562417070966	39.13227135930574	39.0204473769614	38.794269969946676	38.620545052026	38.58510341260505	38.22447800261661	38.05648930569884	37.805947658688666	37.46634319781403	37.253327254536124	36.20471385795277
	1	2	3	4	5	6	7	8	9	12	17	22	27	32	37	42	47	52	57	62	67	72	77	82	87	92	97	102	107	112	117	122	127	132	137	142	147	150
MAR2977_trim_R2	31.53287769471338	30.79813764271205	34.05777987298533	35.36845229426377	36.33945606356669	38.42560889668687	38.50744646119675	38.277350568639484	38.58048300362574	38.73310795280814	38.708760782132074	38.363797298332635	38.627382077278654	38.511049834726315	38.418859146841406	38.02603699122136	38.13360180954932	38.42526093281627	38.05787016669698	38.337499954253005	38.48008625565768	38.397106746911355	38.160710146434624	38.42368074674288	38.2677110306983	37.84794009504836	37.84644723809829	37.5709588925544	37.23784332610593	36.983476638448835	36.66280977277363	36.031227064115356	35.701863842999565	35.12135611825869	34.76453307692585	34.21850685945564	33.8318849138809	33.123194058196546
	1	2	3	4	5	6	7	8	9	12	17	22	27	32	37	42	47	52	57	62	67	72	77	82	87	92	97	102	107	112	117	122	127	132	137	142	145
MAR2979_trim_R1	40.2591935510292	40.58612522348382	40.60441374694611	40.62661001956361	40.6785913615898	40.379385723713156	40.215713077196696	40.152513081408955	40.00729189093054	40.0082408781159	39.98432026986548	39.90363009098483	39.902681805842874	39.82264909061977	39.81209508338604	39.79831216630037	39.742756317582604	39.72821054698978	39.675392294887914	39.66113454609892	39.59534272383887	39.36767651085055	39.51820540456852	39.46104180541333	39.37416347762019	39.252161135955845	39.145701571050964	39.024806277356554	38.796824147322575	38.63270674382736	38.59929867008823	38.25121988764751	38.074132488982336	37.81954392081972	37.4795763804555	37.27721499084665	36.22966566461435
	1	2	3	4	5	6	7	8	9	12	17	22	27	32	37	42	47	52	57	62	67	72	77	82	87	92	97	102	107	112	117	122	127	132	137	142	147	150
MAR2979_trim_R2	31.85428942675815	31.672110330802855	34.550775582462016	34.502338682124105	34.812476598552855	37.45550858365081	38.301813144124836	37.315133247840045	38.595829803615054	38.813279151182705	38.88735514504217	38.50437484204023	38.784427214478946	38.69336773736087	38.682157273704874	38.30060148977955	38.39727045738063	38.621619780675246	38.2604514969363	38.47349050494842	38.61766429503685	38.53630751707078	38.27967506696536	38.5430554489217	38.39167341959794	37.98478540922899	37.98211888293889	37.73061646638157	37.400227336806374	37.15845831469851	36.85161259396078	36.23683520906402	35.91514026178404	35.33799318682766	34.99265956354319	34.4440074278242	34.039624908017984	33.2780408740533
	1	2	3	4	5	6	7	8	9	12	17	22	27	32	37	42	47	52	57	62	67	72	77	82	87	92	97	102	107	112	117	122	127	132	137	142	145
MAR2980_trim_R1	40.61302529433182	40.48000895193617	40.417452753828	40.43331801582834	40.618804859719866	40.246913825686036	40.08620555485816	40.02612647563522	39.88773840352216	39.84215623514283	39.779979699099066	39.64021032505866	39.705310895176574	39.61279524774881	39.601594591826505	39.61032312045969	39.561441414810474	39.553023454636964	39.499661744949876	39.48596955750756	39.41647367545664	39.17561786594563	39.353150951688825	39.28631590257065	39.18831721678269	39.05660523276856	38.940763538623536	38.81576633739725	38.57417381803748	38.405589265073345	38.35380301470421	37.98372540752878	37.79808513857124	37.526737295199965	37.17811851348057	36.95228704374652	35.93597021390484
	1	2	3	4	5	6	7	8	9	12	17	22	27	32	37	42	47	52	57	62	67	72	77	82	87	92	97	102	107	112	117	122	127	132	137	142	147	150
MAR2980_trim_R2	31.778310072121023	31.506673906980524	35.24084400399202	36.003934648593905	36.36669652538777	39.267838408463895	39.45673618996281	39.44534746406303	39.626086828100675	39.56788867790241	39.53222077882981	39.50299668335309	39.39779234802583	39.28096253762398	39.187637881695125	39.13590867630435	39.08373432596415	39.01233844519171	38.82925338757538	38.76433728924359	38.72324037064373	38.643804173602646	38.39588383524394	38.6521864039358	38.50411641415433	38.11446180631381	38.13370807850633	37.88106685511294	37.56682872963906	37.356224281048284	37.08273420402115	36.5093339994969	36.22635067230313	35.67409196373598	35.36207602449774	34.85634229086425	34.46760553693312	33.58501421391349
	1	2	3	4	5	6	7	8	9	12	17	22	27	32	37	42	47	52	57	62	67	72	77	82	87	92	97	102	107	112	117	122	127	132	137	142	145
MAR2981_trim_R1	40.04517346802148	40.38262530312272	40.404883065295984	40.46729621970633	40.599619887825995	40.26171838969309	40.09675974827797	40.030375500245476	39.878340672746475	39.832811119210916	39.78291339988395	39.646625258491156	39.7237392326346	39.633297231355165	39.632208347043054	39.62966537110411	39.581768805824005	39.56347405522064	39.515313189183715	39.49490998755766	39.42845248986094	39.17765151614615	39.36167380021891	39.28977889212449	39.19660341345657	39.059066581182684	38.93812637852331	38.810977313004585	38.57028688304341	38.391128918126334	38.33923838854291	37.95738061382944	37.76174215927469	37.49453890573565	37.11082995430238	36.91120579783036	35.89896166491124
	1	2	3	4	5	6	7	8	9	12	17	22	27	32	37	42	47	52	57	62	67	72	77	82	87	92	97	102	107	112	117	122	127	132	137	142	147	150
MAR2981_trim_R2	31.741441153279677	31.275032357885653	34.5780275079221	35.51079711977625	36.12079682223247	38.78348185726825	39.20501881964384	39.17232917267953	39.370507832839905	39.31940104437865	39.32587552256126	39.13619129089368	39.17265892556942	38.95904934763528	38.91550801480682	38.681684063330195	38.704601586061514	38.88916130268289	38.6723778159145	38.679163658761	38.68385963564492	38.59148919871895	38.3754490885985	38.61563605644614	38.45095489658892	38.07104159488158	38.066369028928975	37.804864012515836	37.492287879035715	37.278535594441294	36.98232893073494	36.39953392912197	36.10971815230579	35.553930737853	35.21840913603883	34.70808108243892	34.33106047336382	33.52924067094759
	1	2	3	4	5	6	7	8	9	12	17	22	27	32	37	42	47	52	57	62	67	72	77	82	87	92	97	102	107	112	117	122	127	132	137	142	145
MAR2990_trim_R1	40.66665821356087	40.64734930728811	40.63761776987748	40.532154004316716	40.62488215967997	40.31334777606837	40.16032281203432	40.10115791448194	39.957342005414816	39.9589867382846	39.93615691218512	39.839800683816	39.833317071167905	39.761914894130896	39.74905583478973	39.73324903901128	39.677137164396946	39.65681218856044	39.606384196243766	39.58869438601877	39.52404594417657	39.28482349549618	39.43981350598889	39.37663127770155	39.284059681173495	39.15809376652021	39.038221716061564	38.91170551633367	38.671537424457156	38.499079268419486	38.45932249234621	38.09495999963565	37.90825214025511	37.644062105147725	37.292688510123774	37.07419148947089	36.03860169979136
	1	2	3	4	5	6	7	8	9	12	17	22	27	32	37	42	47	52	57	62	67	72	77	82	87	92	97	102	107	112	117	122	127	132	137	142	147	150
MAR2990_trim_R2	31.524047475862357	31.132892886268696	33.829787859246935	35.262647657644386	36.19756598856657	38.484059052592	38.736842338306175	39.291182525095664	39.397165552869346	39.452517214146155	39.42920507798191	39.436186699319805	39.320368603715984	39.170493266899975	39.10481405412849	39.04560876971233	38.89846749795394	38.71618562095049	38.54593445394041	38.529156851505704	38.51008255900652	38.451246325964455	38.171385036784976	38.464585922945595	38.324914544544804	37.93099167601004	37.93841007164351	37.694186756686925	37.36238807170904	37.12560001620525	36.82494970722138	36.22187645978359	35.92246796226883	35.3495592012178	35.020922310467384	34.48159649648252	34.09189540750808	33.299102816393045
	1	2	3	4	5	6	7	8	9	12	17	22	27	32	37	42	47	52	57	62	67	72	77	82	87	92	97	102	107	112	117	122	127	132	137	142	145
SOR3003_trim_R1	40.397632114298894	40.56232571414332	40.54856215693543	40.61039630628944	40.667043528723596	40.325504261726714	40.18317833693112	40.135584795118824	39.99715799254548	39.998245574825106	39.954323856293016	39.86492621647193	39.8276668642174	39.76990364713587	39.743770716549584	39.75108760889988	39.690515617754066	39.68960429784546	39.636600026194465	39.622571182842464	39.5653471490532	39.33367651335639	39.47896315569373	39.400475031303394	39.304349978977356	39.19593618495121	39.07809340228227	38.96616580445534	38.73224768282152	38.55681215020746	38.519079793752965	38.15938426472529	37.98620048312699	37.72724007152705	37.39598375064485	37.147532501467225	36.128262073956336
	1	2	3	4	5	6	7	8	9	12	17	22	27	32	37	42	47	52	57	62	67	72	77	82	87	92	97	102	107	112	117	122	127	132	137	142	147	150
SOR3003_trim_R2	31.62100932752858	30.824123076417195	35.06191070347327	35.67959429399505	36.755892034030104	39.33034463996572	38.76114909274377	39.116008005814	39.27174323234612	39.26870978821483	39.25193025560084	39.27788081756716	39.14667229776161	38.95908983831411	38.90903748105531	38.89696802289656	38.7525866634431	38.55281105753197	38.342927473832376	38.3246652488675	38.30380493876316	38.26051147196444	37.98020221821763	38.290291373459084	38.148902806464896	37.729289845201016	37.725752386788045	37.47667049919359	37.1359699417808	36.89037793020303	36.57449436074934	35.95406366523291	35.62973740119416	35.06421407141823	34.710176393115525	34.14804650167892	33.75171644270557	33.00315313537008
	1	2	3	4	5	6	7	8	9	12	17	22	27	32	37	42	47	52	57	62	67	72	77	82	87	92	97	102	107	112	117	122	127	132	137	142	145
SOR3005_trim_R1	40.4296095338297	40.5999085611243	40.575360817400394	40.62626694239418	40.68333427392427	40.35290736657382	40.19395253778152	40.13803675829366	40.00000537480533	39.997098344156846	39.977236019795406	39.88449637402196	39.876789843767845	39.803217358471294	39.77913693213133	39.77375877207377	39.720166595497496	39.71056743595332	39.667330655458564	39.645870737543014	39.5846873335211	39.36078163545385	39.503423807074796	39.44811391288441	39.35991626561814	39.23660911010934	39.12456947889863	39.00423216119575	38.78756969950303	38.616775354768926	38.57459745780396	38.239266342350696	38.06096880456424	37.81354251052282	37.47509218775783	37.26584538988301	36.21116061834147
	1	2	3	4	5	6	7	8	9	12	17	22	27	32	37	42	47	52	57	62	67	72	77	82	87	92	97	102	107	112	117	122	127	132	137	142	147	150
SOR3005_trim_R2	31.965527342306572	31.889776179668992	36.00437072451032	35.630396808440594	35.57065013645287	38.74351496144249	38.913688352662476	38.33438477962626	38.84446119592106	39.283055657452906	39.31367115328542	39.37658707923673	39.26043437832986	39.10794752308815	39.05637196237355	39.02238843597287	38.915674740268436	38.69388265741423	38.47868566470952	38.43560025548207	38.421262156103765	38.38282796422192	38.079742115120666	38.40246942265609	38.260701654225194	37.856126741826344	37.869017326667304	37.6120820456928	37.287038842027066	37.03436641311419	36.730626252581125	36.091556185374955	35.79044978093124	35.22470604256715	34.89309043285891	34.33141884315391	33.93972012043911	33.17932641189094
	1	2	3	4	5	6	7	8	9	12	17	22	27	32	37	42	47	52	57	62	67	72	77	82	87	92	97	102	107	112	117	122	127	132	137	142	145
SOR3006_trim_R1	40.443380407169705	40.61479009168649	40.6407542003519	40.62369705903256	40.692513217121196	40.367817934248485	40.21128868083927	40.15295701027068	40.013597302068796	40.014425403516576	39.99376955359301	39.9011003983796	39.89375703453565	39.81705244295577	39.80831033039158	39.7960375122001	39.743623533633865	39.728935520155815	39.67908691946171	39.66311817130674	39.60210541746796	39.368055540986326	39.51662344700487	39.460422865779265	39.37215373430539	39.251520372279984	39.143033584513795	39.01754930856653	38.7963246399305	38.6311522123013	38.58764882079338	38.249637507701564	38.076956322766364	37.826489259119356	37.49649946765936	37.28844211847512	36.234994225183726
	1	2	3	4	5	6	7	8	9	12	17	22	27	32	37	42	47	52	57	62	67	72	77	82	87	92	97	102	107	112	117	122	127	132	137	142	147	150
SOR3006_trim_R2	31.965748037466774	31.89187162286533	36.03562251681821	35.717524271657005	35.68330412715556	38.831748032114206	38.97987375675501	38.422140235447486	38.88495105226989	39.29476944267595	39.323005061445976	39.39065043491087	39.27652302064336	39.13280364735748	39.07623660886164	39.035479280836384	38.9131286617086	38.68504941060346	38.499463818565985	38.45892776056489	38.44838588127049	38.38529826184528	38.08976921488901	38.40941484198744	38.271606633869354	37.873788693594676	37.87650803917624	37.62410185375659	37.29614370056926	37.06605315779623	36.75934383248923	36.150169564567065	35.84443815303982	35.260531678868475	34.93046071840101	34.38806986344513	33.992971630628425	33.2006880948374
	1	2	3	4	5	6	7	8	9	12	17	22	27	32	37	42	47	52	57	62	67	72	77	82	87	92	97	102	107	112	117	122	127	132	137	142	145
SOR3007_trim_R1	40.31935519242917	40.444516275133786	40.40090392248007	40.489053288995365	40.630380090821326	40.26418350198448	40.10583759430758	40.046919345419006	39.90553128091441	39.85525407325299	39.80014912813912	39.651205635212925	39.72774269674974	39.632344262881254	39.630246328037074	39.635746836925854	39.58388264307841	39.57225111414074	39.52753579169876	39.50803183214792	39.436375725540564	39.183997805177725	39.3620246832213	39.297876068113034	39.20319523974898	39.06113519337096	38.93974568384017	38.81189736321117	38.56882072087424	38.38793177755571	38.34299762418658	37.965551881042344	37.765004336539064	37.49039737600468	37.11304412006842	36.90307294281674	35.90770553315467
	1	2	3	4	5	6	7	8	9	12	17	22	27	32	37	42	47	52	57	62	67	72	77	82	87	92	97	102	107	112	117	122	127	132	137	142	147	150
SOR3007_trim_R2	31.763844769430637	31.480035994803398	35.161210235873234	35.95455882528218	36.329179628371534	39.20036233179581	39.41674783375645	39.434519731588416	39.62806641160415	39.56620679133741	39.51744360615487	39.49246087650922	39.379788226600404	39.26602491031096	39.16270138364863	39.11980370899011	39.06490313243207	38.99738269561697	38.81143130774291	38.73383637415007	38.69375287924406	38.6180714506485	38.37550095058325	38.63332243297956	38.47243664701227	38.07369781715954	38.07892604451722	37.82793649856124	37.5087171995517	37.296924767062066	37.00807379698064	36.422677213999286	36.134533407643346	35.58332159825032	35.24522356441956	34.73690843481001	34.34548363222514	33.51299510727185
	1	2	3	4	5	6	7	8	9	12	17	22	27	32	37	42	47	52	57	62	67	72	77	82	87	92	97	102	107	112	117	122	127	132	137	142	145
SOR3011_trim_R1	40.588878519520776	40.55082703017206	40.57239841380232	40.57955187495594	40.638276751303856	40.30387164382308	40.151000211478994	40.08998115627456	39.94739959745341	39.94085100831292	39.929614845194216	39.82790649471987	39.826102820877296	39.75046783151963	39.72437169351859	39.721344885884626	39.66899906558752	39.65560803498175	39.60716587496747	39.59039879603148	39.524998937876916	39.29538766417146	39.45056652453243	39.38764607915965	39.300815208691844	39.17908990122259	39.065015711838676	38.94710558583729	38.7240680422344	38.552873841611216	38.52315586410432	38.17632903830878	37.99125827363158	37.74741272616847	37.410903139007914	37.21459166867994	36.18065493838796
	1	2	3	4	5	6	7	8	9	12	17	22	27	32	37	42	47	52	57	62	67	72	77	82	87	92	97	102	107	112	117	122	127	132	137	142	147	150
SOR3011_trim_R2	31.956236473498315	31.285579762827883	33.77897551578254	35.22658922256744	35.930971046316	39.21407934565663	39.03559686001037	39.06657116794273	39.454809253310806	39.48919584322779	39.43039963217385	39.42694000414541	39.303113686268276	39.14008389718964	39.06248715581033	39.02278651162023	38.8802380153013	38.66997743448049	38.496060971227266	38.4462466897556	38.433896659698405	38.384450810138	38.07501285437464	38.39781268513448	38.25646239823453	37.85862784680265	37.86341574584096	37.60898405399306	37.27763256805721	37.05497380184666	36.75855538685063	36.13394652716487	35.83714586585634	35.259153360971084	34.92802338763546	34.40125902841169	34.003316883477325	33.24493008376919
	1	2	3	4	5	6	7	8	9	12	17	22	27	32	37	42	47	52	57	62	67	72	77	82	87	92	97	102	107	112	117	122	127	132	137	142	145
SOR3012_trim_R1	40.56293835195767	40.56499610311717	40.582911913019	40.58530763398779	40.63661690705338	40.31276718843598	40.16527519343278	40.1060365121061	39.96184085941327	39.96485000316373	39.9470498304657	39.84836673816319	39.84245597962179	39.75719506276123	39.74653289333881	39.738095449355214	39.681923191766394	39.672351334610696	39.62358813338464	39.60829286900302	39.53841545958809	39.3132881390361	39.46924118364759	39.409100228352244	39.31949355161304	39.19674422602079	39.079612687077486	38.96561447848385	38.742499246022135	38.57669664839259	38.538233766358495	38.196208262773354	38.01819062975254	37.760653540883226	37.43438365044939	37.226614795759396	36.178490751968425
	1	2	3	4	5	6	7	8	9	12	17	22	27	32	37	42	47	52	57	62	67	72	77	82	87	92	97	102	107	112	117	122	127	132	137	142	147	150
SOR3012_trim_R2	31.94844065958673	31.36556019443115	33.86198252635464	36.40191165120606	35.76648976296268	38.9043950851915	38.98842870182083	38.48951478977861	39.053019203277856	39.29635882997277	39.24701872360321	39.29156322024606	39.16571970708778	38.993474530451195	38.930535410500724	38.90961202250389	38.77528713869358	38.54000930615266	38.35657028676244	38.320441717163284	38.323298583092274	38.26776877042198	37.96420385461444	38.29626285283467	38.14832768171559	37.740327826546164	37.73835573465117	37.48994585230248	37.14779713367591	36.91646532456267	36.605331539455335	35.97117529749657	35.66449673238537	35.086597328105896	34.759060756336645	34.206733588532465	33.80385517636448	33.08795825542347
	1	2	3	4	5	6	7	8	9	12	17	22	27	32	37	42	47	52	57	62	67	72	77	82	87	92	97	102	107	112	117	122	127	132	137	142	145
SOR3013_trim_R1	40.6028231713314	40.557704538435125	40.58460455413667	40.595682594239435	40.64988327371925	40.33119102217023	40.18037411074934	40.119021121158944	39.9836334743021	39.98102784693932	39.96463488744067	39.8693266800216	39.86542910927409	39.79555594665618	39.77275247950314	39.77022329390417	39.71699036272836	39.70468176998452	39.65809283473293	39.64100021573685	39.577612834304446	39.35062942345752	39.497805085760895	39.43847213217701	39.35102401824895	39.23229269757509	39.12014288690612	39.00270718593985	38.78306410966568	38.60796250312488	38.57727227822495	38.24014794022649	38.06247364703866	37.81614645822124	37.492479066334	37.280712371620794	36.23767618591725
	1	2	3	4	5	6	7	8	9	12	17	22	27	32	37	42	47	52	57	62	67	72	77	82	87	92	97	102	107	112	117	122	127	132	137	142	147	150
SOR3013_trim_R2	31.950871435448555	31.393834298719202	33.96087072801655	36.41378008527144	35.81127888177431	38.964524182959174	39.024746661697385	38.53665653831089	39.097249124768574	39.311512403353575	39.25981775861385	39.304218882913105	39.17462734725076	39.001141001551176	38.937245767505196	38.91542536340057	38.78436763773201	38.54889017412039	38.36085805311451	38.318789557856405	38.323367819604165	38.26826685683789	37.96290291951675	38.29075786807089	38.14670688402489	37.747622545320255	37.74190169138709	37.496447730752855	37.15395115846597	36.92693559446898	36.625189390274905	35.998424996482825	35.68399597973733	35.11546342182541	34.778703621195994	34.24150408233628	33.831952861208805	33.09481840708938
	1	2	3	4	5	6	7	8	9	12	17	22	27	32	37	42	47	52	57	62	67	72	77	82	87	92	97	102	107	112	117	122	127	132	137	142	145
SOR3017_trim_R1	40.457684126770154	40.54767108584042	40.582112166132255	40.54234212674693	40.63258556248413	40.31447876418637	40.1597243784606	40.090974495213025	39.95039448433801	39.95285221743769	39.928095352774065	39.83633476667439	39.82196712554785	39.74788697053093	39.743299872667244	39.72445107370457	39.668437555771824	39.655160822697496	39.60236286490389	39.58655375165854	39.520087875626636	39.27826256975582	39.43348388132917	39.37458014335395	39.2793274948606	39.15264188149344	39.031729036347045	38.90274707388266	38.66988501797927	38.49282270254928	38.45324394095407	38.09311562217231	37.911004382271585	37.6477384608574	37.32089244062781	37.086857102692434	36.05078075788683
	1	2	3	4	5	6	7	8	9	12	17	22	27	32	37	42	47	52	57	62	67	72	77	82	87	92	97	102	107	112	117	122	127	132	137	142	147	150
SOR3017_trim_R2	31.647248151777642	31.11367469973802	34.575320583211784	36.374092928362735	35.85074370660281	39.268063050850536	39.04360961625941	39.20012147300407	39.38310091397581	39.38242963173889	39.36710484796437	39.33945272524129	39.21237893720714	39.04260208705364	38.972260959135326	38.92435926570081	38.76795632183026	38.55583459212039	38.364516467035415	38.3428784221059	38.32460426154418	38.252585007355165	37.96060458009286	38.26957707875161	38.128216993385735	37.715119724214794	37.71645579904548	37.471261607862274	37.12251507355644	36.89336642942693	36.574820340296995	35.936077596135384	35.61743326569207	35.037137943154164	34.69664631980773	34.1454504395799	33.738884925371	33.02450333974143
	1	2	3	4	5	6	7	8	9	12	17	22	27	32	37	42	47	52	57	62	67	72	77	82	87	92	97	102	107	112	117	122	127	132	137	142	145
SOR3020_trim_R1	40.665815632598765	40.606203992741676	40.56180066479348	40.569587274048175	40.66183275998766	40.333566514179935	40.17479565230372	40.11537434441212	39.978629742541806	39.97931584988406	39.959204271397624	39.86986078813191	39.86157890110036	39.78366412669557	39.76931525868859	39.76788470482933	39.71308890052197	39.70075009617993	39.652826289660815	39.64069421356263	39.57178966049689	39.35389557472769	39.50113089562583	39.441929455610975	39.358934923506624	39.24460189794157	39.132784521216664	39.0151005769034	38.79552155966917	38.62787902520077	38.59826140139045	38.261294559361	38.08818479855694	37.838268119847136	37.52437411629917	37.309297574091715	36.263246681342224
	1	2	3	4	5	6	7	8	9	12	17	22	27	32	37	42	47	52	57	62	67	72	77	82	87	92	97	102	107	112	117	122	127	132	137	142	147	150
SOR3020_trim_R2	31.94958027447611	31.381439357498998	33.87135466599435	36.389067149449154	35.75992048353442	38.94050985745421	39.000804453187456	38.50088780117235	39.060060723775656	39.29346385931855	39.235699227393205	39.28149707908854	39.14637407239083	38.97486697495746	38.912060512548166	38.884290841170085	38.75495082178724	38.52529543771809	38.341086019363075	38.29901973754398	38.3039049223796	38.25003437006639	37.94552375293567	38.27351404737317	38.136217472201295	37.736038197505536	37.73460142604545	37.491627579388606	37.15961299527329	36.9347014362466	36.62597906096171	36.00545140295481	35.686612890341834	35.11624678105089	34.782176850923975	34.23952229055551	33.837965797738185	33.0971845685787
	1	2	3	4	5	6	7	8	9	12	17	22	27	32	37	42	47	52	57	62	67	72	77	82	87	92	97	102	107	112	117	122	127	132	137	142	145
SOR3021_trim_R1	40.46308555172173	40.55634778846595	40.58545519487421	40.546850740552784	40.63465276428393	40.30549618263007	40.14912015927246	40.081297622798196	39.939469800299456	39.933382068391325	39.91421428710672	39.81414373131953	39.81073378647504	39.73191806724935	39.726909696960554	39.709520753276976	39.650098840014	39.63467337436798	39.58603454067447	39.56739128041105	39.49856072311834	39.26215271629529	39.42531240475713	39.36647921686496	39.273290708209046	39.14568563627562	39.02695509971154	38.899627101081634	38.66987926995654	38.502256901596	38.45804023861557	38.105200763499184	37.90918379861854	37.66174546662512	37.318532990226934	37.09676736615212	36.06987748922285
	1	2	3	4	5	6	7	8	9	12	17	22	27	32	37	42	47	52	57	62	67	72	77	82	87	92	97	102	107	112	117	122	127	132	137	142	147	150
SOR3021_trim_R2	31.951706387311027	31.402960324632083	33.95396737958196	36.424490529992184	35.80782854817948	38.99435365050738	39.06408534357587	38.57204833763145	39.12070447626791	39.35829115392669	39.30789281557208	39.350498198060535	39.22122490380328	39.04252872695854	38.986892727258706	38.95392850413428	38.81986380442076	38.58921612096831	38.40348177387422	38.35713375210368	38.35121000182301	38.28974230925667	37.98506253914805	38.31698651142209	38.18422636099689	37.77637947212544	37.78059663167071	37.52684823411728	37.19140082475829	36.96290686610121	36.6575478555133	36.02748229062653	35.712206871797555	35.14417763763776	34.804596558947004	34.26433937162678	33.85020737356651	33.12043528354876

